4.158319
0.898865
2.124329
1.488222
2.198041
-0.172367
-2.002721
-0.078167
0.888960
0.007191
0.073721
0.040647
4.102672
0.921501
1.813329
1.781697
2.404126
0.044431
-1.835009
-0.044233
0.921834
-0.044896
0.120071
0.046037
4.243991
1.008261
2.248140
1.121351
2.624443
0.207579
-2.139052
-0.064991
1.061665
-0.268801
0.077995
0.059431
4.129920
1.276439
2.148952
0.950862
2.426067
0.177348
-1.990872
-0.006912
0.875233
-0.161210
0.112565
0.046724
3.991419
1.328887
2.105242
0.930412
2.046674
0.045094
-2.013131
-0.044058
1.089825
-0.059426
0.129229
0.065999
