3.752755
0.746948
1.178047
0.937089
4.278553
1.816047
1.094866
1.919726
-0.270946
-0.292543
-0.198678
0.036384
3.724642
0.928371
0.887778
1.398346
4.082006
2.070122
1.347480
1.837208
-0.270948
-0.412400
-0.269688
0.050887
3.732880
1.024090
1.046756
1.361665
4.186596
2.061293
1.300414
1.892386
-0.321883
-0.308266
-0.275857
0.029782
3.730797
0.937966
0.879201
1.559799
3.950884
2.048940
1.287673
1.716299
-0.257651
-0.462479
-0.232508
0.051438
3.694980
1.023955
0.911347
1.008504
3.979410
2.161507
1.343143
1.590225
-0.287348
-0.403360
-0.214226
0.048680
