2.777247
0.142909
2.229380
2.012492
2.365466
2.121831
0.463619
0.877807
0.421319
0.558534
0.330163
-0.030679
2.869032
0.373846
2.698577
2.562766
2.457055
2.469869
0.506286
1.106046
0.655144
0.841849
0.377827
-0.022840
2.846561
0.069293
2.379450
2.714912
2.954103
2.300818
0.048614
1.339033
1.059514
0.718081
0.236993
-0.004469
2.747733
-0.363474
2.831439
2.546153
2.570625
2.687720
0.111825
1.337087
0.911283
0.749552
0.391727
-0.014236
2.746266
-0.558473
2.783029
2.778142
2.528045
2.528299
0.226074
1.246601
1.042170
0.791781
0.342006
-0.014535
