2.986065
2.173260
2.481766
1.619255
2.208106
0.817414
0.353977
-0.200077
0.097338
0.329408
0.160669
0.002845
3.208133
2.531353
2.679242
2.222115
2.471593
1.057211
0.279552
-0.087651
0.142992
0.490428
0.063072
-0.032140
3.293089
2.646320
2.673171
2.247739
2.733698
1.222413
0.359906
-0.010209
0.013977
0.462395
0.101441
-0.017924
3.258104
2.559307
2.855304
1.990534
2.861293
1.246243
0.341609
0.325397
0.167254
0.418588
0.135177
0.001101
3.373159
2.566918
3.077530
1.699106
3.726281
1.238909
0.060774
0.245704
-0.089392
0.515664
0.190411
-0.005576
