3.053672
2.400362
2.630058
2.283928
2.162537
1.611703
0.941686
0.604284
0.565069
0.327626
0.137464
0.025491
3.161234
2.682630
2.745794
2.464310
2.250903
1.680332
1.080126
0.780091
0.618229
0.315451
0.165911
0.032814
3.132609
2.658598
2.898405
2.415611
2.185342
1.932402
1.078121
0.738917
0.654373
0.306684
0.162760
0.041942
3.035755
2.494500
2.656677
2.333791
2.068186
1.775129
1.061830
0.726312
0.648152
0.408121
0.182517
0.041427
3.120669
2.663283
2.919091
2.365707
2.020057
1.873146
1.101886
0.775769
0.571448
0.301611
0.207948
0.045474
