4
0
1
-6
-10
-17
-20
-20
-22
-21
-20
-11
-7
-6
3
-7
-9
-8
-5
-6
-2
-2
4
0
-8
-8
-2
2
-7
3
3
-2
7
7
10
4
-3
-1
-1
-1
-9
-7
4
-1
-8
-2
-5
-2
-5
-2
10
0
2
0
3
-11
-12
-5
-4
7
14
18
15
11
10
1
1
9
19
3
-8
-5
-3
-9
-16
-16
-19
-7
-5
-2
-4
-6
4
8
5
12
6
11
-1
6
-9
-14
-14
-12
-18
-4
-5
-8
2
-1
3
-7
1
-11
-4
-5
2
-5
-3
-2
-5
2
-9
-4
-2
-9
-8
2
-1
3
7
6
10
12
15
19
13
5
17
11
15
22
8
9
5
1
-6
3
8
8
-1
4
6
3
4
-4
1
2
-3
-3
9
21
4
8
19
7
-2
7
-15
-19
-2
-1
5
-1
-11
-20
-19
-19
-20
-16
-8
-7
-2
-9
-13
-10
-9
-6
-3
-1
7
-4
8
10
11
10
6
4
1
-4
-3
3
-1
4
3
8
-3
0
5
7
-2
1
4
-1
-2
-7
-4
3
0
6
18
5
3
-7
-18
6
6
11
3
-2
-6
-13
-12
-10
-6
-9
-9
-13
-17
-9
-5
9
10
3
5
2
-6
-3
-4
-10
-9
-14
-13
-8
-10
-8
4
19
9
3
2
9
16
5
18
2
16
23
15
22
19
9
12
7
2
0
1
11
4
-1
6
9
5
0
5
10
0
-8
-8
-11
-12
-11
-13
-12
-15
-9
-17
-15
-11
1
1
-10
-3
-12
-2
-5
0
-2
-4
5
-5
-3
-3
-4
-2
-4
9
0
-2
4
6
6
5
9
11
9
10
11
7
4
8
-7
-15
-11
-6
-4
-6
-2
15
7
11
15
1
-12
1
-6
-4
0
10
11
4
14
8
7
-3
6
-1
3
1
-2
-2
7
19
11
-1
-1
-1
-12
-13
-10
-21
-14
-9
-13
-6
9
12
12
10
1
-5
-9
-6
-2
-10
-16
-11
-8
-8
-4
-8
-5
-2
-8
-8
-2
-5
6
4
0
-3
-2
5
3
2
9
6
9
6
-4
0
1
-5
-9
-11
-1
3
2
8
18
8
11
18
11
15
6
11
7
4
3
-11
-7
-5
-5
-2
-2
1
3
-7
-5
3
1
1
-4
4
3
0
-1
-1
-1
0
-4
-4
-5
-6
-7
-8
-12
-7
-10
-9
-3
-4
-5
-4
-6
-1
-2
-21
-6
-14
-13
-18
-16
-15
-11
-1
-3
17
13
15
14
12
16
19
20
19
19
25
17
8
6
10
17
22
19
19
14
11
20
9
9
12
11
1
-13
-14
-10
-18
-12
-3
0
9
8
9
11
7
3
2
-4
-6
-8
-4
-9
1
-4
-3
-2
-3
-1
-5
1
-9
-11
-5
-5
-9
1
7
5
-6
-8
-5
0
-1
-16
-8
-9
-14
-20
-22
-22
-26
-19
-12
-23
-21
-22
-19
-16
-15
-10
-9
-8
-11
-1
-1
1
4
11
1
10
5
7
1
17
10
15
19
8
8
4
8
8
5
-2
4
-5
-5
-2
3
0
-9
-4
-11
-17
-11
-7
-6
-11
-6
-10
-6
-6
-12
-9
0
-1
0
7
9
16
17
7
2
14
17
15
17
24
18
12
15
23
14
7
12
23
25
21
15
23
23
15
-2
-4
0
3
0
1
3
7
8
1
1
-9
-10
-11
-12
-5
-11
-9
-2
2
2
-5
-9
-10
-11
-17
-14
-9
-2
5
5
2
3
7
6
11
4
0
-11
-5
-7
-8
4
-3
6
-5
-17
-26
-27
-25
-18
-6
-14
-2
6
-2
-7
0
3
1
2
2
7
1
0
-4
-12
7
-2
0
-11
-11
-1
-8
-18
-12
3
-1
4
-11
-13
-10
-2
-2
-1
8
10
5
9
5
5
15
18
6
9
7
4
21
14
10
6
-4
1
7
2
11
13
7
5
4
8
0
8
-1
2
8
-7
-5
-4
-5
-4
8
-1
-2
-6
-5
1
-11
-16
-9
-10
-2
4
-1
7
3
0
2
2
8
4
3
13
10
14
14
10
7
17
-3
1
6
1
3
7
6
7
10
8
0
-5
0
3
5
-2
-5
-3
10
3
0
15
5
13
15
9
0
-8
-2
-10
-3
6
8
-7
-12
-16
-19
-16
-24
-19
-13
-8
-6
-19
-22
-20
-16
-6
4
5
6
6
-1
-4
-6
-7
-4
-2
3
10
0
1
6
-2
-6
-13
-12
-4
-3
-6
-4
0
3
-2
-8
-12
-18
-15
-9
7
5
-4
-8
-14
-9
-14
-19
-14
-7
4
-1
0
0
2
0
0
6
5
8
13
18
4
6
3
-2
7
1
9
-1
-4
6
-1
-1
3
3
6
12
15
14
9
12
13
15
8
0
8
17
14
0
5
9
-4
-3
-2
-8
0
8
-7
-2
-3
-20
-10
-9
-1
3
-1
1
-2
7
-6
-1
1
-4
4
-7
-5
-3
-6
-16
-8
4
-6
-9
-12
-17
-7
2
-3
5
6
-6
8
2
6
1
6
7
12
14
9
15
-1
2
11
19
8
16
30
23
17
25
20
7
10
2
2
7
1
2
-5
2
0
-18
-5
1
5
-2
7
5
8
2
1
-6
-9
-11
-11
1
-5
-7
-8
-2
-7
-11
-9
-3
-9
-11
-19
-12
-18
-14
-6
-12
-10
-8
8
9
5
-2
-6
-5
0
-2
-8
-5
2
3
3
-4
-4
1
-2
0
-9
-9
-9
-1
4
-1
6
7
-5
-6
-6
-10
4
5
0
2
9
5
4
-1
-4
8
15
11
1
5
5
5
2
-11
-6
-9
-11
-7
-6
-6
-10
-4
-5
-4
18
8
12
7
8
6
0
-4
3
2
-2
1
2
2
-5
-3
-9
-12
-11
-5
-15
-19
-13
-11
-21
-21
-19
-19
-13
-14
-4
0
1
6
12
4
11
7
5
17
8
15
8
9
11
11
18
24
25
16
5
15
17
14
15
22
8
11
17
25
20
17
19
13
17
19
2
8
12
2
11
7
12
9
14
0
-6
-6
-14
-29
-23
-17
-11
-20
-15
-15
-20
-4
-12
-4
-5
-5
1
-3
-6
7
1
2
1
-9
-9
-9
-4
-2
5
3
-4
-15
-10
-13
-16
-11
-14
-20
-23
-21
-24
-15
-29
-35
-21
-17
-15
-6
-8
-9
-5
-3
-6
-9
2
14
14
12
18
15
11
14
12
17
19
13
15
17
6
5
-6
-4
-2
-9
-5
6
5
5
2
17
16
25
20
16
10
-3
-2
-4
1
-10
5
9
5
13
5
-1
-6
5
-3
-8
5
-4
-7
-3
8
-7
-13
0
3
-2
0
7
14
7
11
17
12
12
15
9
12
3
-3
5
1
6
12
6
7
0
-1
-9
-7
1
-5
-5
-4
-5
-15
-18
-2
-6
-13
-7
2
-2
-3
0
-12
-16
-4
-9
-8
-4
-5
-2
1
1
2
-5
-11
-11
-18
-13
-5
-11
-12
-4
-6
-10
-15
-2
-10
-6
-10
-6
-3
-1
7
-6
0
-4
2
-1
-5
-1
1
2
-2
3
1
12
16
19
9
14
17
5
5
2
7
2
0
2
11
3
-3
-2
-4
-5
2
5
15
14
5
-4
-1
-4
-20
-21
-14
-10
1
2
-6
-11
-16
-23
-28
-35
-26
-9
-6
4
-7
-3
-5
-4
-7
3
8
9
8
16
16
7
17
23
28
14
21
30
33
14
24
22
12
16
21
21
3
12
6
9
10
-10
-4
11
10
8
-6
-9
-10
-15
-5
-4
4
0
-6
-7
0
0
-3
4
0
7
8
-1
0
0
-3
-5
-3
-10
-3
1
-1
-5
-5
-14
-14
-2
-8
-8
-5
-4
-13
-11
-9
-4
-3
-23
-6
-12
-17
-11
-14
-2
5
9
-2
-1
0
0
-1
11
8
2
11
0
8
11
9
9
11
14
8
13
9
15
16
12
7
6
2
-1
-2
-1
0
2
-2
-13
1
7
-1
10
8
4
-5
0
-12
-9
-6
-15
0
2
-1
-3
-3
-5
-7
-3
-8
1
4
9
14
7
6
-2
-2
0
5
-6
-4
-3
-14
-1
0
2
2
-4
5
-8
-5
-13
-14
-9
-9
-6
-1
1
-15
-10
-3
-4
2
0
6
-1
-6
-1
-9
-11
-8
-11
-13
1
-4
0
9
-2
-7
-4
-11
-8
-5
2
0
1
5
11
10
11
18
9
9
17
24
22
18
14
4
3
-4
3
5
-4
0
-1
-2
-10
-10
-8
-4
-8
-19
-18
-23
-18
-24
-18
0
-6
5
17
17
23
18
12
18
18
23
12
11
5
4
6
7
2
-11
-10
-15
-3
14
13
13
2
-4
-5
-4
-6
-5
-3
-4
-7
-13
-7
-15
-26
-17
-36
-30
-21
-26
-20
-12
-5
-8
-17
-6
1
10
4
3
3
6
13
5
6
9
14
3
13
7
2
2
-6
8
13
11
9
7
-6
-3
2
8
24
28
28
26
11
16
3
4
2
2
9
-4
-4
-3
-3
-1
-8
-13
-5
-3
-7
-11
-9
-14
0
-6
-11
3
-3
2
11
12
10
5
-4
-11
-17
-26
-18
-15
-23
-10
-14
-16
-13
1
2
-2
-3
-6
-2
-5
3
5
10
15
15
12
5
7
4
-2
12
16
10
13
13
24
20
14
12
18
12
6
13
3
-6
-2
-6
-3
-3
5
15
9
17
12
2
9
-2
-9
-5
5
1
3
12
10
9
10
12
3
-2
4
-3
7
3
3
0
-6
-8
-15
-18
-15
-16
-21
-7
-9
-5
-8
-13
-1
2
-2
-4
-3
1
-3
-6
-8
-1
-1
-12
-9
-8
-8
-3
-6
-11
-8
-5
-9
-11
-19
-24
-12
-15
-15
-19
-25
-13
-5
16
1
7
-2
1
15
9
21
15
15
11
4
5
4
1
5
-1
0
0
0
-2
-5
3
3
6
-2
-1
0
-1
-2
8
8
4
2
-2
3
-3
-1
-1
1
-7
-3
-5
-10
-4
-6
-11
-17
-15
-16
5
3
9
13
4
13
16
5
2
4
6
7
4
1
0
10
2
2
9
7
2
7
6
-2
-3
-11
-11
-2
14
2
5
14
5
13
8
0
-1
7
8
10
8
8
16
12
7
11
10
5
7
0
7
8
6
9
2
6
14
5
-1
1
1
-3
-13
-4
-4
-2
-8
-12
-6
-12
-1
-4
-4
1
-1
9
-5
-9
0
5
5
12
14
9
7
1
1
-9
-10
-20
-13
-19
-27
-19
-12
-15
-21
-17
-23
-9
-18
-14
-10
-16
-22
-18
-15
-15
-11
-14
-10
-13
-12
-19
-10
-12
-7
2
-14
-17
-13
-17
-2
6
9
2
0
16
11
-3
8
17
12
15
16
15
17
13
19
19
12
8
11
6
5
0
-3
-1
-1
11
3
3
8
-2
5
0
-3
-6
-6
-5
-6
0
-2
7
0
5
13
11
21
17
15
20
26
19
19
26
25
21
12
27
19
20
26
20
18
7
-4
-9
-4
-3
-15
-9
-4
-11
-13
-7
-3
-10
-8
-13
-15
-25
-11
-13
-8
8
-1
-3
-6
5
3
-7
-5
-3
-8
0
-2
-7
1
1
3
3
0
5
-3
-11
-6
-2
-3
-11
-20
-21
-20
-21
-11
-9
-8
2
0
-3
-2
-8
3
6
-9
0
3
6
9
-1
-7
-10
-15
-21
-12
-9
-4
3
-2
-12
-4
4
14
10
8
6
11
6
6
2
3
18
11
2
7
6
0
-5
-6
-7
-8
-9
-11
-7
-8
-3
-21
-24
-16
-18
-18
-10
-9
-11
-3
0
1
-1
-2
2
7
5
8
3
8
12
6
17
20
16
19
25
18
24
24
17
12
6
1
10
7
9
13
19
11
18
16
9
19
8
-1
-5
-4
-8
-7
-1
8
13
14
18
7
4
-1
-3
1
0
-17
-22
4
0
0
5
-7
-1
-6
2
7
-3
0
-2
-4
-3
-11
-11
-13
-14
-9
-4
-3
-4
5
-12
-15
-10
-23
-23
-16
-4
-2
-4
4
5
2
10
8
3
-5
-5
-3
3
14
3
-2
-2
4
2
-5
4
1
-4
-2
-2
-11
-3
-1
-1
1
3
-3
-12
-9
-15
-6
-11
-13
-4
-2
9
8
10
1
-10
-11
-13
-13
-1
-5
-6
5
7
12
19
17
15
24
15
6
-1
9
10
7
10
3
6
5
-1
-7
-14
-10
-20
-10
-8
-13
6
16
15
10
0
-9
-14
-16
-13
-21
-6
-3
-6
-3
2
-4
0
-7
-7
4
6
2
-7
-7
-13
-16
-13
-1
3
6
10
7
16
12
15
-7
3
-6
-16
-6
-9
-1
-6
0
3
8
-2
-4
-12
-2
8
4
10
14
19
14
15
8
9
25
2
4
5
8
20
22
20
21
19
10
10
2
5
8
12
17
11
5
19
10
-6
-14
-20
-13
-19
-21
-7
-4
-9
-4
-9
-14
-16
-15
-18
-18
-30
-20
-16
-20
-24
-23
-19
-5
5
2
3
-9
-2
-5
-2
3
-2
-5
10
15
3
9
7
10
8
-10
-8
-10
-7
-9
-10
-10
-1
4
3
-3
-2
-7
-3
-15
-16
-11
-15
-11
-18
-9
-8
-4
-14
2
4
4
3
4
7
10
12
15
13
11
21
14
12
12
19
24
29
25
23
17
22
14
8
7
5
0
-11
-14
-13
-4
-11
-5
-8
-12
-9
-13
-12
-5
-9
-2
1
-8
-3
-6
-1
4
5
4
8
-1
3
10
15
10
14
17
5
17
13
13
24
36
28
18
20
16
15
10
11
20
22
17
17
20
9
11
9
0
-4
-10
-15
-21
-24
-25
-19
-12
-2
3
3
-5
-11
-11
-9
0
-4
-7
-7
-12
-13
-18
-13
-7
-3
4
2
-3
-1
-16
-15
-12
-16
-13
-11
-3
-2
-2
4
0
-2
1
-13
-11
-13
-8
-4
-8
-22
-28
-21
-21
-8
-9
-9
-14
-14
-16
-11
-13
-12
-3
-13
-8
3
1
12
10
9
14
6
3
-4
-13
-18
-13
-13
-7
4
10
14
17
16
16
18
3
4
7
11
12
10
7
7
7
5
17
9
15
15
8
7
-7
-6
-4
-11
-10
0
5
-3
11
6
5
-2
-4
5
9
0
5
12
9
14
8
9
16
12
2
13
13
14
14
-1
1
6
17
12
1
2
1
0
0
3
5
-7
-15
-7
-13
-12
-15
-10
-12
-10
-8
-9
-20
-17
-12
-6
2
6
-4
-5
-3
-22
-32
-27
-31
-31
-32
-22
-17
-8
4
-13
-13
-4
-7
4
13
11
21
9
10
3
7
9
2
15
16
1
11
16
12
24
24
20
19
19
18
8
13
19
7
0
17
-8
-3
2
2
12
7
12
7
14
1
-1
-11
-10
-17
-18
-14
-18
-26
-33
-25
-7
0
10
10
2
-1
-5
-6
-11
-11
-19
-19
-11
-11
-7
-5
0
-5
-1
3
1
-6
-2
3
0
16
13
13
6
19
13
12
7
15
22
19
22
14
6
3
3
-3
5
-1
-3
-13
-20
-11
-18
-3
-3
10
11
5
14
6
6
-1
1
-2
-4
1
7
15
19
23
12
12
22
6
-6
-14
-10
-13
6
10
2
-1
-3
-4
-10
5
-4
1
6
2
-12
-21
-10
-25
-8
-1
-4
4
5
2
-10
-24
-26
-18
-23
-24
-21
-5
7
6
9
8
3
13
9
11
10
2
-8
-1
11
1
-12
5
8
-6
-9
4
8
-5
4
8
9
18
15
12
-1
-2
-12
-12
-12
-10
-3
-13
-10
2
7
14
-1
0
9
18
8
-9
-3
-14
-9
-25
-32
-25
-30
-12
-8
4
11
11
16
16
9
15
-11
-20
-13
-25
-12
-7
-4
6
5
-4
8
27
28
16
4
2
-4
4
12
8
14
12
14
16
26
18
7
2
-4
-15
-1
-8
-4
9
13
5
1
-3
10
15
-1
9
-4
-8
-4
-9
-3
-12
-16
-14
-4
2
10
5
-7
-3
-17
-24
-29
-34
-29
-26
-17
-21
-23
-9
-7
1
6
9
10
17
23
22
16
16
10
-1
7
7
7
24
29
29
20
13
11
16
18
12
7
7
10
15
16
10
13
10
6
1
3
-11
-9
-14
-16
-13
-15
-9
-1
2
-8
-12
-11
4
-3
-8
-5
-5
-7
6
5
10
5
-10
-10
-14
-15
-12
-17
1
5
-3
0
-8
-14
-12
-14
-20
-2
0
3
-8
-5
-2
-13
-10
-7
-18
-19
-23
-23
-16
1
8
11
28
24
18
10
5
15
12
1
-3
0
-3
7
14
18
24
17
10
6
11
5
-12
-17
-3
-10
2
17
19
17
-1
4
6
2
-6
-4
2
6
10
-14
-13
-13
-16
-18
-12
-11
-5
-7
-11
-2
-8
-1
-1
-8
-4
0
8
4
-1
9
10
-1
-3
-9
-13
-3
-11
2
-4
0
-1
-12
-1
-6
-14
-7
-7
-6
-12
-13
-8
3
-4
0
10
9
-1
-9
-5
2
7
9
18
22
13
1
-1
-3
8
11
13
12
13
-3
15
25
6
23
13
17
21
10
22
13
3
3
11
-3
2
1
2
6
10
13
12
9
-1
-10
-18
-18
-33
-24
-25
-15
-8
-13
-10
-5
-7
-12
-3
-6
-4
-5
-13
0
-4
-11
6
-1
4
11
22
10
15
20
9
0
-1
-9
-15
-29
-38
-14
-12
-4
2
12
19
23
8
0
2
2
-8
-19
-14
-17
-30
-24
-18
-6
-11
-12
10
16
21
6
5
6
4
0
-8
0
-1
-5
-10
5
12
15
9
8
15
15
9
16
19
18
7
2
-2
-15
-12
-12
-15
-19
2
-1
-3
2
13
15
9
-3
-2
4
-3
3
1
1
-3
-3
8
12
19
23
11
15
22
17
16
16
17
10
20
5
2
17
9
7
3
0
-17
-15
-16
-25
-20
-29
-23
-21
-13
-13
-10
-7
-11
-2
-2
1
-5
-21
-25
-26
-23
-19
-16
-8
1
-7
2
13
17
23
18
24
30
20
13
17
18
21
17
9
10
2
8
19
13
9
16
19
18
12
0
0
-16
-21
-19
-21
-24
-30
-21
-15
-4
-8
2
4
9
14
-1
-3
-16
-26
-16
-20
-18
-12
-15
-14
-6
-6
-14
-7
-6
-12
-10
-19
-13
-19
-24
-16
-14
-7
-4
-6
6
-8
-9
-7
-9
0
5
5
6
11
12
9
13
11
-4
6
0
6
2
7
11
12
20
12
18
13
-3
1
9
3
11
7
6
5
-3
-3
-13
-3
-2
-2
0
-2
0
-8
0
12
9
10
20
24
30
27
18
4
-4
-1
-10
-1
6
-7
-2
-1
5
6
-2
12
9
2
5
4
-2
-4
6
7
6
9
11
-5
1
2
-2
-3
-9
-13
-14
-9
-5
-2
-8
-10
-4
-1
-1
3
5
7
11
9
10
17
6
4
6
8
-7
-4
-10
-21
-16
-13
7
20
21
15
9
2
-4
-5
-11
-12
-5
-7
-7
8
-2
-7
-13
-7
5
4
-2
1
0
4
0
-4
-3
-22
-32
-30
-30
-23
-28
-31
-13
-11
-1
-5
-10
-2
1
6
4
0
-2
-9
-18
-13
-17
-15
5
17
17
21
19
12
15
12
1
4
3
3
11
9
0
-2
1
-3
4
9
15
10
19
12
10
21
14
14
0
12
6
-2
-3
2
2
-3
7
-5
-5
-3
8
11
9
7
-5
5
-2
-21
-13
-18
-21
-26
-29
-18
-1
9
7
9
10
14
9
2
1
0
11
8
0
-2
-1
-2
7
16
14
22
22
28
24
23
23
12
2
-2
-1
-9
0
5
14
18
16
6
-8
-5
-9
-7
-11
-16
-6
-16
-15
-14
-26
-21
-15
-19
-18
-19
-17
-6
-11
4
6
-2
5
11
4
8
3
-3
7
-3
1
12
11
15
8
-4
-15
-20
-16
-14
-5
-12
-9
-11
-6
-12
-11
-5
-6
-7
-7
-1
8
5
-3
-2
-4
-8
-4
-10
-4
-6
-9
-13
-13
-3
6
2
-7
4
20
7
-1
17
9
11
8
0
8
14
13
14
21
18
12
4
5
2
-2
-2
-2
-1
6
20
18
9
2
1
-2
-3
-3
-2
1
-3
-1
-6
-16
-14
-10
-14
-17
-17
-5
-5
-3
-2
-4
-7
-14
-3
-3
-2
5
11
18
10
10
4
-8
1
0
3
10
5
13
4
-3
5
0
5
11
16
17
14
10
8
3
-1
2
4
2
2
9
5
-3
-8
-2
-1
7
-1
-6
2
-3
0
-9
0
5
6
6
-3
4
5
0
-4
-1
-10
-14
-3
-4
-5
6
5
-9
-17
-7
-17
-18
-1
-8
-14
-13
-13
-13
-2
-1
9
7
1
8
-3
-9
-7
-15
-24
-18
-2
1
13
6
8
6
2
-6
-12
-9
-12
-14
-11
-10
-3
-6
-6
-11
-14
-17
-7
-8
-2
6
-5
8
2
-6
7
7
10
9
3
-1
-2
10
13
17
25
14
3
8
-1
2
3
-1
-9
-7
2
8
24
23
24
25
27
14
13
17
22
4
1
10
4
6
11
8
-1
4
-1
10
14
13
-1
-1
4
3
-6
-23
-16
-21
-18
-24
-12
-18
-19
-12
-14
-20
-9
8
-5
-13
1
-1
-5
8
5
10
20
30
9
11
9
7
6
7
6
2
2
5
4
12
13
6
10
4
3
1
9
2
0
-1
-9
0
6
7
-2
10
2
5
-5
-2
-1
-16
-12
-16
-17
-17
-18
-16
-15
-18
-18
-17
-9
9
7
9
3
-1
-2
-1
5
-3
-4
-10
-8
3
3
2
-1
-1
3
1
8
13
6
0
-4
-7
0
-5
2
-3
-6
7
-10
-4
3
-2
7
12
5
3
-2
-12
-11
-6
-20
-18
-20
-23
-8
-18
-9
-7
-9
-7
7
2
4
12
7
4
4
12
11
11
12
13
2
9
10
9
11
13
11
11
24
18
19
7
9
-6
-3
0
0
0
12
18
16
18
11
9
-2
6
2
3
-11
-9
-7
-9
-23
-23
-13
-11
-2
-6
-5
-14
-10
-11
-11
-11
-1
-4
-11
-4
-8
-3
-4
2
11
3
1
1
6
8
5
1
3
-1
0
0
-5
1
-2
6
14
3
-6
-22
-29
-28
-28
-26
-19
-7
-7
0
9
17
6
12
11
21
14
12
17
9
10
1
-1
-5
-4
3
-3
16
19
8
10
7
-1
-3
-4
-8
-1
-6
3
-2
-3
1
-8
-4
-11
-12
-10
-13
-9
-1
0
3
10
-1
2
14
9
8
-1
-9
-8
-15
-6
-7
4
5
4
13
11
5
0
-3
-6
-5
-4
2
-7
-2
-12
-17
-13
-13
-7
-6
2
1
13
13
8
8
12
2
2
8
-4
9
6
6
4
2
1
-14
-12
-10
-12
-8
10
17
22
16
9
13
14
16
14
14
21
15
14
2
-2
-6
3
8
2
-10
-8
-16
-5
3
-2
6
9
5
1
6
-1
-7
-3
-2
-2
2
10
6
-2
-1
3
-3
-3
11
-11
-5
-7
-11
-7
-15
-10
-11
-11
-2
0
-1
1
-12
-7
1
-12
-8
-9
3
6
1
5
-6
-8
-5
-12
-13
-10
-3
7
10
4
-4
-10
-9
-3
3
6
9
7
6
3
-6
-9
-18
-10
-9
-8
-13
-8
4
2
2
-3
-14
-1
5
-2
1
-2
-7
-3
-2
-4
-4
-1
2
0
3
1
1
9
-2
3
1
13
18
13
9
19
16
2
11
17
10
8
16
11
9
1
0
10
15
14
8
-5
-3
-1
-11
-17
-13
1
4
5
-4
-7
4
-3
-1
3
3
-3
-5
-18
-18
-14
-13
-2
-4
7
4
11
5
5
13
3
19
11
14
21
9
10
7
-5
-8
6
1
-1
-2
6
-4
-14
-6
-19
-22
-14
-4
1
0
1
8
15
6
-7
-10
-11
-4
0
-5
-2
2
-6
-6
-10
-2
3
12
11
13
5
5
10
-3
1
7
7
15
10
0
-6
-1
-1
0
1
-7
-4
-15
-20
-20
-19
-25
-19
-13
-19
-25
-29
-30
-22
-9
-9
-13
-19
-1
9
2
18
-1
8
3
0
8
-3
5
2
-1
2
8
5
2
2
3
8
-4
4
16
14
8
11
11
5
3
7
-12
-4
1
8
22
14
10
-2
6
-3
-1
6
8
16
7
4
13
5
2
-4
4
4
4
7
3
7
2
-1
2
9
12
4
1
-8
-6
-10
-13
-15
-14
-10
-18
-22
-4
-3
-5
-2
-3
6
6
5
2
3
0
-11
-8
11
7
7
-3
-5
5
-1
4
12
27
28
18
14
18
21
22
5
5
-10
-17
-19
-5
-4
-5
15
0
-2
3
-5
-8
-14
-15
-21
-26
-15
-15
-14
6
-4
-7
-1
3
7
13
14
9
15
3
4
4
1
2
4
8
10
1
10
4
-2
-1
-12
-3
-8
-6
-1
1
-7
-3
-6
3
6
1
-8
-7
-11
-18
-6
-18
-5
-2
-3
-5
-4
-5
0
1
-7
-5
-8
-1
-13
-6
-14
-19
-9
-7
-12
-12
-7
-10
-8
-3
12
13
9
-4
-1
5
7
14
17
9
2
10
5
10
12
6
8
22
15
8
5
5
4
-3
1
-10
-8
-4
0
-9
-16
-9
-12
-1
-9
-1
0
5
-1
3
16
12
9
14
11
1
8
6
5
4
4
1
-6
7
11
8
16
13
2
-6
0
7
10
1
2
6
17
3
-4
8
6
6
4
3
9
15
18
7
3
8
5
3
11
10
3
17
10
0
9
-5
-10
0
-3
-16
-22
-11
-13
-11
-14
-22
-19
-16
-12
-8
-5
-8
-11
-4
-4
-11
-13
-26
-14
-6
-2
-5
-5
9
3
-6
-8
-3
4
3
0
1
-5
-1
3
2
-2
3
6
5
17
24
21
15
14
9
5
-7
-14
-18
-18
-17
-22
-17
-17
-16
-22
-20
-28
-27
-29
-23
-1
-6
-2
-6
7
-1
-8
-13
-7
-7
-4
3
4
1
10
12
-3
6
3
9
-2
3
-3
-8
-3
-9
1
7
10
5
12
12
7
3
1
11
12
13
7
6
5
9
16
11
12
14
13
12
25
15
16
19
17
22
15
33
27
15
13
7
4
11
3
3
11
5
2
6
-9
-2
-2
-11
-3
3
11
1
9
10
6
-2
2
-3
-5
7
8
4
10
1
4
7
-2
-5
-15
-7
-13
-10
-13
-17
-14
-28
-21
-17
-16
-10
-11
-7
-11
-13
-15
-13
-8
-12
-19
-11
-11
-9
-3
-15
-12
-11
-16
-10
-15
-16
-14
-14
-8
-8
-3
-5
-6
-1
1
-4
-5
0
-4
0
3
11
11
8
6
11
13
15
12
16
3
14
14
9
14
0
5
10
9
8
3
13
1
4
10
9
5
6
12
7
-5
4
5
-15
-13
-19
-19
-16
-14
-16
-13
-12
-2
-3
8
3
9
13
0
-1
-6
-4
3
9
15
26
14
7
1
-6
2
6
0
-1
-3
1
3
2
8
1
1
7
7
-3
-11
-10
-11
-16
-11
-12
-8
3
-2
5
-6
-3
1
0
13
7
5
6
16
16
10
12
13
12
4
3
4
22
18
12
1
7
11
3
16
10
0
4
1
-6
-8
-15
-4
-6
-10
-6
-8
-5
0
3
2
-2
-5
-3
-5
-2
-1
-11
-6
-3
2
0
1
9
14
15
15
5
7
8
-13
-1
-1
-5
-4
-12
-11
3
4
-3
1
4
13
2
-17
-16
-23
-11
2
-2
-6
-14
-14
-20
-23
-24
-20
-22
3
-2
7
10
9
11
2
0
3
12
15
13
6
5
9
2
2
2
3
-6
-7
-9
-13
-10
-5
3
-10
-6
1
-3
-4
5
-4
-1
-2
1
0
2
5
-20
-20
-17
-12
-5
3
9
0
7
3
-9
-2
-6
-2
-4
1
16
5
8
12
15
14
11
19
18
7
-6
-8
-7
-7
-5
-10
-9
-14
-9
-10
-17
-17
-12
-7
-7
-4
-1
-1
13
4
-5
-1
-7
-10
3
4
7
20
15
8
8
15
3
-2
9
13
7
14
18
11
18
13
10
16
23
17
26
28
13
6
2
-4
-4
5
10
20
12
2
-1
4
12
8
2
3
8
-9
-7
-8
-16
-26
-19
-12
-14
-18
-14
-5
-10
-13
-29
-17
-23
-25
-17
-15
-17
-18
-11
-20
-16
-6
-7
-5
4
13
1
5
-6
-19
-18
-16
-15
-16
-12
-3
-5
0
-1
-10
-6
-4
1
9
3
10
3
-4
-11
-14
0
19
20
18
28
20
17
13
10
11
4
8
10
16
18
14
12
13
21
23
5
16
11
14
13
7
0
4
6
4
10
11
7
-10
-10
-12
-3
-11
-6
-15
-16
4
1
-1
7
2
5
-2
-8
-12
-23
-21
-4
-14
-3
5
1
8
-1
-10
-4
-4
-15
-4
-1
3
12
16
11
14
4
9
17
16
7
-13
-4
-1
-8
5
-1
-9
8
2
5
8
8
-2
5
6
4
-2
3
11
9
9
12
13
18
10
-13
-5
1
10
-2
-5
-3
-8
-5
-10
-10
-8
-14
-25
-21
-23
-19
-9
-8
-6
3
2
4
7
2
-7
-8
-16
-13
-11
-18
-8
-5
11
4
7
1
5
3
-4
-7
-9
-8
-9
-8
-5
3
6
-11
-10
-6
-10
-6
-8
-7
-11
-9
-4
-7
-1
11
10
11
17
18
14
4
9
13
16
7
-6
3
11
13
20
19
17
15
10
13
5
1
8
0
-6
-6
-3
1
4
0
3
-3
-6
6
1
-4
2
1
0
6
13
3
1
7
9
5
2
-1
3
1
-9
-18
-18
-8
-4
-1
2
-9
-5
2
6
3
15
14
2
7
-1
-6
-8
1
0
-7
6
-13
-22
-12
-11
-12
-10
-11
-14
-7
-8
-17
-13
-4
-17
-13
-14
-17
-9
-1
6
0
1
2
-4
-2
3
0
-2
-7
-17
-10
-5
4
9
10
13
12
19
18
10
9
-2
0
-6
-3
5
10
9
5
21
25
25
13
18
-6
-1
0
-4
9
-3
-12
-12
-13
-15
-17
-18
-7
-11
-1
1
9
5
1
-8
1
8
15
12
-5
5
4
6
2
5
10
9
14
13
15
16
13
10
14
17
13
14
0
-9
-17
-20
-22
-23
-12
-7
-11
-18
-14
-24
-17
-18
-23
-15
-9
-12
-10
-7
-7
7
4
0
13
17
15
22
17
8
6
15
16
17
21
21
11
-5
1
-4
-3
10
6
6
13
17
15
11
12
9
1
-3
-3
-5
3
7
2
-2
-9
-5
-3
-6
4
-5
-4
-2
-17
-12
-7
-4
5
6
-1
11
17
16
17
7
5
4
-5
-12
-14
-15
-19
-10
-12
-23
-18
-31
-33
-31
-30
-32
-21
-21
-18
-11
-6
1
-2
4
-1
6
2
-18
-33
-31
-26
-21
-12
-2
6
15
6
3
3
9
5
7
6
6
9
4
15
15
19
15
25
26
39
27
28
25
13
3
-1
-4
-3
4
-1
4
0
13
10
10
8
7
1
6
3
1
3
2
7
14
23
15
5
1
14
2
6
8
11
13
19
15
2
-1
-15
-12
-18
-6
-5
-8
7
5
4
2
7
10
7
8
14
15
1
8
-1
-7
-2
-5
-9
-9
-6
-14
-22
-42
-61
-79
-91
-101
-125
-132
-154
-183
-194
-175
-177
-167
-112
-81
-32
13
59
129
207
254
284
305
354
389
387
365
340
323
328
314
275
247
227
192
146
89
49
-4
-81
-129
-183
-235
-281
-323
-365
-393
-389
-381
-370
-343
-316
-298
-273
-259
-226
-179
-139
-117
-95
-73
-63
-29
-19
-26
-18
10
30
31
51
45
31
2
-19
-34
-71
-95
-123
-155
-168
-173
-168
-167
-144
-105
-72
-16
26
53
100
162
185
192
216
236
241
255
263
257
281
285
304
319
319
340
361
372
360
351
352
341
329
315
300
278
274
257
223
204
179
142
112
86
46
14
-18
-64
-98
-115
-166
-226
-261
-286
-315
-340
-360
-382
-389
-371
-387
-407
-414
-413
-395
-390
-361
-345
-321
-310
-330
-338
-357
-371
-354
-335
-325
-314
-302
-315
-286
-272
-266
-236
-225
-178
-116
-68
-1
50
99
134
155
175
215
244
247
244
241
247
264
276
300
306
308
384
395
385
357
347
383
377
321
255
259
303
332
289
284
326
408
447
466
497
517
576
584
590
585
587
568
535
532
508
502
469
443
419
391
349
244
154
69
-24
-143
-285
-414
-510
-608
-707
-850
-957
-994
-1065
-1130
-1200
-1247
-1325
-1364
-1398
-1445
-1454
-1452
-1430
-1402
-1313
-1182
-1035
-877
-679
-483
-267
-61
100
281
422
537
588
635
677
706
729
705
672
638
654
685
681
652
637
617
607
568
505
422
347
276
195
138
113
113
139
199
276
375
495
603
691
788
882
938
939
920
899
850
800
702
619
573
562
521
497
531
552
610
646
651
620
549
467
331
170
-1
-190
-399
-609
-768
-912
-1056
-1167
-1260
-1328
-1349
-1355
-1386
-1423
-1458
-1519
-1575
-1655
-1741
-1770
-1780
-1779
-1772
-1732
-1655
-1550
-1417
-1256
-1039
-758
-443
-169
117
409
672
867
1006
1080
1136
1215
1197
1146
1056
995
975
949
938
938
995
1070
1153
1220
1215
1183
1117
1023
892
734
553
397
280
210
196
202
234
309
444
604
747
841
940
1005
1029
981
851
668
540
414
284
187
113
120
165
218
250
279
312
316
263
194
77
-112
-315
-557
-791
-1003
-1208
-1390
-1538
-1605
-1654
-1704
-1760
-1780
-1805
-1792
-1762
-1772
-1812
-1788
-1732
-1677
-1604
-1548
-1474
-1389
-1267
-1177
-1032
-863
-676
-415
-141
159
418
675
937
1170
1324
1403
1437
1488
1490
1423
1308
1167
1075
1012
1001
974
985
1046
1129
1231
1259
1265
1236
1171
1067
954
820
675
565
481
399
342
371
414
523
633
771
901
975
1047
1048
1041
984
864
755
624
494
346
194
46
-72
-150
-241
-310
-374
-434
-595
-926
-1121
-1265
-1471
-1463
-1602
-1787
-1617
-1647
-1779
-1761
-1759
-1657
-1573
-1551
-1568
-1550
-1315
-1282
-1388
-1361
-1284
-1006
-855
-801
-711
-643
-502
-448
-510
-536
-460
-358
-298
-174
-4
269
481
602
808
1009
1274
1362
1237
1304
1327
1200
1121
927
797
868
911
868
921
998
1164
1247
1227
1292
1298
1346
1331
1143
1078
1020
887
811
747
699
774
826
813
935
1044
1117
1106
1018
1008
933
759
538
259
85
-41
-266
-426
-608
-675
-651
-741
-830
-814
-838
-894
-982
-1182
-1305
-1415
-1594
-1769
-1945
-2031
-2035
-2049
-2032
-1983
-1808
-1641
-1507
-1424
-1349
-1193
-1097
-1051
-1015
-936
-808
-763
-726
-742
-726
-586
-557
-416
-290
-65
232
401
686
872
1024
1181
1205
1232
1245
1223
1104
937
852
772
786
746
782
915
1056
1273
1372
1472
1550
1574
1572
1486
1405
1262
1097
988
855
813
783
826
920
1019
1179
1230
1318
1388
1387
1335
1171
953
691
431
161
-133
-340
-579
-693
-717
-728
-702
-684
-598
-562
-564
-611
-723
-809
-1005
-1258
-1448
-1641
-1849
-2027
-2243
-2474
-2401
-2334
-2271
-2028
-1813
-1434
-988
-801
-645
-538
-374
-283
-432
-550
-675
-696
-686
-908
-1057
-1035
-911
-705
-548
-260
69
433
667
802
965
992
1020
821
653
565
454
418
275
281
419
534
732
933
1152
1520
1717
1836
1887
1864
1812
1693
1424
1109
890
672
571
428
429
570
711
927
1118
1308
1544
1688
1650
1606
1464
1285
1033
609
268
-3
-244
-376
-517
-528
-416
-334
-187
-87
18
104
59
-158
-353
-540
-836
-1155
-1521
-1858
-2048
-2187
-2338
-2401
-2326
-2185
-2006
-1738
-1545
-1372
-1179
-1049
-1072
-1074
-1046
-1181
-1227
-1248
-1299
-1228
-1126
-971
-804
-661
-413
-276
-48
163
286
454
545
681
691
703
695
654
629
551
593
582
639
750
715
771
851
916
1012
1030
1102
1202
1260
1277
1174
1125
1094
1018
969
901
863
882
987
1065
1154
1312
1427
1558
1676
1689
1670
1588
1487
1285
1082
894
667
422
248
90
-11
-82
-197
-274
-282
-263
-303
-349
-425
-483
-550
-724
-930
-1101
-1234
-1387
-1595
-1746
-1881
-1934
-1936
-1946
-1843
-1781
-1668
-1583
-1562
-1411
-1366
-1359
-1322
-1409
-1314
-1349
-1370
-1345
-1427
-1254
-1129
-1067
-798
-692
-479
-253
-181
18
69
190
274
309
393
467
505
571
657
702
772
849
870
962
1006
1024
1035
923
913
824
730
837
814
813
909
970
1076
1198
1253
1343
1409
1462
1483
1437
1447
1423
1435
1466
1427
1443
1474
1416
1415
1395
1364
1269
1129
1014
873
682
471
293
95
-52
-186
-378
-505
-592
-653
-698
-764
-842
-885
-888
-931
-1069
-1182
-1291
-1384
-1499
-1706
-1795
-1845
-1892
-1911
-2002
-1956
-1856
-1763
-1615
-1634
-1464
-1254
-1216
-1070
-1139
-1106
-963
-1053
-1018
-990
-905
-716
-688
-576
-484
-360
-107
-62
37
132
246
376
453
509
526
647
653
749
776
665
752
706
681
745
708
776
795
877
1021
1036
1129
1211
1286
1356
1380
1437
1433
1416
1378
1377
1375
1346
1417
1387
1460
1549
1539
1646
1618
1596
1575
1410
1302
1048
804
603
323
93
-109
-299
-457
-550
-627
-686
-749
-819
-784
-794
-778
-751
-913
-989
-1089
-1215
-1317
-1550
-1696
-1727
-1731
-1713
-1861
-1889
-1769
-1750
-1573
-1493
-1523
-1324
-1203
-1148
-1033
-1056
-964
-924
-940
-858
-881
-827
-754
-693
-467
-472
-462
-361
-381
-205
-86
-119
16
175
260
388
408
401
451
520
612
673
625
689
726
794
1011
998
1062
1199
1254
1411
1513
1597
1686
1693
1689
1725
1660
1577
1488
1368
1394
1295
1201
1212
1192
1293
1342
1306
1323
1255
1243
1204
1039
889
641
435
254
51
-181
-389
-520
-628
-660
-736
-781
-780
-856
-857
-874
-888
-910
-1056
-1141
-1213
-1310
-1399
-1499
-1584
-1658
-1629
-1572
-1662
-1632
-1564
-1520
-1332
-1269
-1272
-1188
-1089
-1012
-1011
-1010
-1038
-1047
-984
-985
-968
-912
-875
-697
-620
-533
-429
-368
-292
-242
-169
-122
-30
109
143
220
383
455
567
657
747
825
908
974
946
1020
1132
1162
1191
1275
1354
1410
1533
1566
1582
1694
1678
1683
1637
1545
1528
1409
1357
1302
1197
1205
1103
1060
1093
1015
982
894
786
745
655
580
436
235
117
2
-153
-288
-441
-564
-620
-702
-687
-686
-730
-706
-743
-802
-823
-921
-950
-937
-990
-1066
-1146
-1197
-1339
-1376
-1383
-1510
-1460
-1453
-1444
-1258
-1283
-1295
-1165
-1161
-978
-990
-1042
-981
-974
-852
-971
-1010
-866
-838
-633
-564
-606
-410
-393
-267
-214
-256
-124
10
224
277
348
456
605
747
734
792
820
873
995
885
914
938
938
1059
1054
1152
1220
1254
1387
1443
1475
1480
1407
1355
1249
1114
982
847
715
681
641
590
618
594
718
778
778
826
782
747
700
546
444
225
69
-38
-173
-242
-340
-387
-385
-303
-253
-235
-227
-270
-266
-242
-346
-393
-580
-716
-805
-1001
-1049
-1246
-1456
-1476
-1496
-1486
-1446
-1496
-1467
-1285
-1176
-1085
-1061
-1064
-989
-961
-953
-950
-1056
-1019
-992
-929
-768
-750
-631
-588
-527
-359
-272
-223
-207
-40
55
185
315
243
361
422
474
575
412
533
588
621
810
716
851
966
946
1156
1162
1161
1229
1223
1269
1293
1167
1052
973
884
842
701
571
581
570
677
770
697
846
896
925
1047
963
937
907
821
827
663
560
472
294
363
351
305
302
191
188
219
163
72
-45
-173
-230
-388
-578
-747
-927
-1030
-1207
-1374
-1419
-1549
-1606
-1596
-1686
-1622
-1460
-1537
-1489
-1453
-1319
-1182
-1217
-1168
-1231
-1117
-977
-1024
-984
-926
-846
-603
-555
-538
-538
-470
-464
-495
-476
-552
-342
-221
-103
34
51
243
249
374
498
460
652
583
623
770
735
831
775
858
941
1045
1149
1113
1175
1185
1222
1189
1086
1060
899
871
822
704
771
661
736
809
792
939
951
1040
1118
1158
1224
1153
1105
1075
1041
976
799
621
487
454
331
228
193
82
142
90
17
-55
-214
-310
-502
-611
-725
-899
-1032
-1243
-1364
-1432
-1560
-1606
-1699
-1704
-1580
-1567
-1499
-1496
-1470
-1297
-1256
-1141
-1141
-1170
-965
-981
-933
-897
-975
-811
-724
-659
-610
-694
-595
-588
-588
-562
-653
-527
-369
-306
-203
-129
-35
128
186
206
284
317
373
470
475
606
665
707
835
897
1089
1234
1256
1344
1357
1410
1509
1440
1313
1238
1160
1059
1043
998
927
955
964
1045
1052
1087
1164
1131
1288
1230
1148
1161
962
970
894
727
669
452
426
402
299
275
132
44
30
-37
-143
-275
-426
-497
-615
-833
-975
-1075
-1185
-1264
-1394
-1538
-1595
-1593
-1663
-1631
-1598
-1616
-1435
-1488
-1388
-1209
-1272
-1074
-1172
-1095
-934
-1066
-868
-1070
-1022
-725
-865
-606
-821
-878
-604
-823
-639
-770
-734
-405
-414
-186
-205
-91
100
87
206
133
283
329
337
470
416
634
697
758
952
1020
1332
1384
1458
1539
1485
1635
1510
1385
1276
1173
1134
993
999
941
962
1026
1029
1168
1186
1303
1309
1316
1425
1316
1285
1101
954
900
686
600
358
217
264
128
125
31
-8
15
-55
-16
-187
-268
-373
-556
-617
-829
-1026
-1193
-1263
-1355
-1481
-1487
-1601
-1508
-1418
-1446
-1379
-1306
-1114
-1138
-1077
-1082
-1206
-1022
-1182
-1272
-1224
-1308
-1176
-1237
-1174
-1105
-1143
-964
-1173
-1119
-1055
-1090
-888
-979
-793
-662
-548
-331
-337
-69
-10
146
351
361
632
664
840
1028
1073
1361
1430
1629
1805
1844
2041
1965
1954
1913
1762
1620
1382
1210
982
797
742
648
584
575
651
664
748
846
809
930
888
901
929
767
757
632
606
561
498
516
436
436
485
450
431
411
335
290
180
12
-186
-384
-548
-749
-940
-1071
-1265
-1363
-1434
-1564
-1463
-1550
-1693
-1514
-1536
-1524
-1423
-1535
-1485
-1395
-1421
-1357
-1420
-1298
-1281
-1284
-1123
-1261
-1142
-904
-1030
-897
-909
-963
-816
-908
-899
-802
-737
-665
-566
-486
-285
-133
32
195
252
537
764
798
980
1064
1159
1401
1440
1482
1627
1757
1889
1863
1895
1878
1758
1700
1516
1297
1164
982
720
659
573
518
525
459
531
612
712
796
765
846
866
856
891
732
666
677
579
623
552
539
603
584
608
540
542
493
354
318
146
-15
-186
-472
-655
-895
-1085
-1304
-1538
-1559
-1561
-1615
-1596
-1707
-1702
-1544
-1595
-1566
-1548
-1588
-1487
-1524
-1545
-1545
-1584
-1402
-1438
-1439
-1223
-1191
-883
-753
-864
-715
-770
-823
-807
-967
-982
-902
-854
-728
-660
-518
-211
-29
147
432
597
868
1060
1077
1325
1386
1410
1560
1450
1611
1741
1768
1905
1831
1897
1898
1766
1701
1475
1255
1190
913
741
638
447
428
445
371
414
469
493
593
621
691
671
679
691
604
628
640
553
549
528
519
563
508
471
458
429
404
284
170
-3
-209
-371
-581
-771
-891
-1160
-1323
-1352
-1529
-1545
-1734
-1815
-1677
-1788
-1754
-1796
-1941
-1712
-1782
-1695
-1670
-1738
-1406
-1532
-1404
-1263
-1276
-877
-875
-834
-659
-776
-612
-672
-764
-767
-765
-531
-444
-368
-232
17
299
491
643
827
1093
1233
1263
1392
1401
1526
1585
1513
1597
1692
1774
1856
1859
1857
1879
1779
1702
1497
1327
1162
843
602
448
255
155
13
-129
4
104
250
303
365
586
665
733
776
668
772
736
552
529
412
423
443
357
377
400
422
391
289
260
134
-42
-240
-557
-739
-947
-1276
-1450
-1710
-1848
-1891
-2011
-2033
-2050
-1946
-1842
-1753
-1699
-1671
-1624
-1561
-1404
-1467
-1399
-1369
-1441
-1169
-1183
-1084
-862
-876
-535
-446
-375
-176
-322
-196
-292
-287
-8
-84
-23
104
126
381
555
552
749
938
1028
1223
1226
1290
1459
1404
1575
1592
1639
1801
1701
1755
1761
1570
1599
1443
1259
1191
969
811
676
500
434
415
317
408
349
457
600
469
572
569
516
633
431
374
437
308
294
185
176
242
249
261
199
215
225
168
50
-86
-247
-444
-580
-805
-995
-1182
-1364
-1471
-1492
-1501
-1618
-1607
-1591
-1538
-1441
-1471
-1453
-1414
-1324
-1275
-1460
-1329
-1383
-1333
-1111
-1338
-1072
-896
-872
-595
-595
-421
-367
-428
-333
-547
-449
-470
-564
-427
-456
-295
-147
-48
147
400
629
745
984
1093
1182
1368
1324
1427
1402
1431
1587
1547
1660
1641
1619
1669
1580
1545
1427
1251
1126
966
867
623
450
313
226
235
134
154
127
235
416
405
521
469
459
627
491
506
465
374
412
330
316
215
164
233
211
196
165
85
25
-112
-173
-340
-534
-658
-910
-978
-1120
-1285
-1301
-1468
-1453
-1361
-1534
-1465
-1491
-1502
-1378
-1430
-1385
-1402
-1450
-1236
-1303
-1261
-1197
-1285
-1031
-948
-978
-811
-814
-734
-630
-726
-624
-589
-612
-463
-366
-188
24
45
255
398
603
868
864
983
1116
1224
1317
1322
1280
1333
1415
1437
1508
1519
1519
1628
1490
1460
1410
1339
1259
933
741
607
380
346
143
17
94
78
227
296
419
571
679
704
709
734
692
703
594
492
483
408
366
294
252
281
265
291
275
238
189
89
-101
-249
-355
-513
-675
-863
-1046
-1064
-1189
-1232
-1362
-1594
-1429
-1500
-1377
-1302
-1551
-1370
-1302
-1277
-1154
-1383
-1286
-1357
-1324
-1157
-1390
-1228
-1224
-1233
-925
-1006
-810
-681
-701
-568
-558
-453
-521
-473
-388
-290
-26
23
196
343
555
832
853
1137
1134
1236
1487
1333
1487
1458
1430
1511
1468
1578
1538
1513
1463
1381
1394
1248
1046
829
634
509
346
252
38
42
130
117
291
245
308
475
523
670
663
716
789
717
743
697
615
628
562
544
573
557
498
447
404
337
271
118
-60
-267
-431
-552
-706
-812
-997
-1191
-1203
-1219
-1311
-1400
-1571
-1571
-1439
-1478
-1487
-1591
-1617
-1473
-1483
-1441
-1526
-1547
-1361
-1378
-1288
-1249
-1216
-1040
-1010
-875
-782
-743
-607
-627
-531
-471
-454
-368
-263
-79
109
297
435
579
800
885
1079
1106
1115
1279
1205
1292
1271
1222
1271
1201
1291
1393
1395
1449
1385
1365
1282
1131
938
720
487
311
215
53
11
11
-62
91
226
356
508
548
777
869
967
1034
917
907
862
790
736
585
561
553
548
586
519
552
509
454
387
291
96
-98
-310
-559
-602
-887
-1163
-1275
-1444
-1529
-1572
-1694
-1786
-1797
-1655
-1607
-1596
-1603
-1636
-1474
-1471
-1391
-1486
-1508
-1349
-1384
-1217
-1205
-1249
-944
-949
-632
-524
-587
-286
-382
-176
-208
-351
-159
-225
-49
86
45
247
319
528
613
729
880
898
1089
1068
1188
1265
1238
1332
1171
1355
1438
1381
1488
1244
1273
1297
1119
1089
802
666
594
449
436
221
176
240
314
427
488
555
623
734
778
838
838
715
731
685
734
699
602
604
553
615
622
470
479
410
315
312
75
-133
-308
-454
-608
-806
-1012
-1138
-1211
-1287
-1393
-1520
-1545
-1535
-1606
-1591
-1622
-1571
-1430
-1472
-1439
-1369
-1326
-1247
-1256
-1232
-1190
-1084
-1000
-1000
-865
-764
-558
-490
-448
-378
-379
-312
-383
-501
-461
-445
-267
-200
-221
10
152
383
526
600
781
920
1043
1064
1041
1085
1183
1181
1129
1206
1267
1365
1422
1306
1389
1402
1274
1173
967
815
695
508
312
202
223
221
183
175
320
507
526
602
586
705
828
741
742
652
645
723
597
550
507
499
549
422
356
306
279
229
20
-143
-221
-347
-579
-709
-910
-1047
-1070
-1344
-1377
-1321
-1420
-1358
-1574
-1524
-1408
-1379
-1278
-1481
-1368
-1201
-1206
-1052
-1206
-1145
-914
-893
-814
-807
-768
-646
-495
-431
-444
-412
-348
-302
-282
-330
-328
-308
-186
-138
-74
92
131
299
442
547
661
727
747
754
793
895
914
856
887
896
1049
1165
1124
1166
1198
1219
1278
1178
979
860
752
713
609
457
419
358
432
492
493
558
580
643
747
749
761
710
668
658
613
588
517
461
403
394
399
351
291
233
185
133
49
-51
-285
-388
-454
-650
-689
-864
-1031
-1116
-1251
-1229
-1302
-1333
-1351
-1433
-1297
-1235
-1281
-1243
-1303
-1238
-1197
-1201
-1202
-1305
-1219
-1169
-1137
-1029
-1048
-919
-759
-621
-458
-370
-386
-365
-264
-303
-363
-406
-423
-321
-174
-141
-78
99
303
425
579
703
747
915
969
996
1044
1014
1079
1083
1165
1256
1272
1395
1382
1375
1428
1388
1289
1094
923
809
707
574
370
269
242
240
230
207
287
384
520
591
531
684
672
618
711
592
611
615
507
493
417
428
453
348
304
283
260
203
77
-78
-224
-334
-505
-629
-817
-947
-1061
-1237
-1303
-1377
-1436
-1489
-1623
-1600
-1521
-1533
-1516
-1639
-1607
-1404
-1415
-1358
-1352
-1312
-1003
-970
-944
-806
-758
-459
-305
-256
-61
-98
34
55
-82
-17
-155
-167
-94
-150
-35
33
91
228
300
424
513
560
634
724
748
822
850
807
925
985
1064
1203
1210
1322
1383
1291
1318
1184
1081
1041
853
747
597
460
485
386
367
376
327
422
456
471
513
515
538
588
570
614
603
525
557
481
431
453
375
359
326
293
282
161
111
24
-124
-206
-376
-577
-678
-860
-993
-1063
-1224
-1301
-1326
-1362
-1392
-1370
-1448
-1426
-1445
-1449
-1399
-1404
-1314
-1353
-1306
-1122
-1138
-992
-856
-784
-506
-526
-366
-242
-180
18
-57
-50
-17
-79
-71
-201
-283
-274
-221
-97
-61
55
83
221
349
364
456
393
485
474
469
568
497
551
555
574
785
887
1025
1077
1113
1217
1256
1296
1153
1011
945
862
838
688
608
588
614
721
626
671
732
767
901
863
866
886
792
773
664
563
484
336
255
188
124
71
42
-45
-73
-75
-130
-215
-372
-504
-480
-619
-785
-860
-1041
-1041
-1104
-1272
-1307
-1335
-1353
-1232
-1305
-1336
-1210
-1250
-1109
-1073
-1138
-968
-960
-860
-778
-788
-644
-631
-622
-487
-533
-409
-238
-292
-187
-191
-233
-102
-195
-288
-235
-316
-185
-157
-192
-87
-58
23
142
103
197
307
306
414
428
508
602
571
616
725
789
951
1023
1010
1103
1137
1214
1221
998
970
928
840
814
636
587
655
642
672
672
672
792
866
886
886
838
835
737
635
600
553
461
378
297
233
239
130
53
32
-61
-47
-126
-309
-380
-461
-551
-698
-765
-840
-917
-913
-1058
-1102
-1023
-1051
-1025
-1061
-1114
-975
-927
-882
-872
-902
-736
-684
-701
-594
-662
-605
-518
-648
-488
-504
-465
-423
-517
-355
-378
-401
-371
-496
-455
-448
-527
-568
-625
-581
-484
-363
-350
-262
-90
-2
219
206
267
387
386
575
566
584
707
693
861
917
946
1003
978
1015
1031
1027
924
919
868
843
841
675
660
634
654
773
707
749
780
822
904
828
832
770
738
721
616
602
519
433
376
290
282
187
97
12
-48
-33
-130
-217
-346
-467
-478
-560
-656
-725
-716
-705
-770
-811
-883
-893
-886
-983
-973
-1048
-932
-902
-962
-805
-902
-741
-641
-796
-633
-684
-653
-540
-735
-548
-649
-635
-482
-638
-396
-397
-410
-290
-371
-314
-357
-361
-367
-430
-316
-342
-263
-221
-170
2
6
178
170
222
362
246
423
348
336
475
323
474
538
536
714
727
831
925
1002
1060
1093
1083
1096
1127
1023
1086
1014
914
1008
944
993
1038
971
1051
994
1006
991
858
843
699
610
504
359
242
117
11
-80
-123
-255
-324
-334
-436
-433
-480
-536
-514
-558
-548
-529
-594
-651
-656
-667
-663
-765
-802
-780
-802
-758
-792
-896
-822
-740
-746
-710
-794
-797
-701
-768
-826
-859
-891
-839
-870
-911
-895
-902
-737
-662
-694
-541
-504
-483
-345
-402
-371
-260
-268
-149
-123
-77
62
115
220
291
338
448
480
421
443
441
402
421
335
329
451
417
498
511
529
721
765
845
869
854
1000
1000
979
993
921
973
1043
1029
1057
1081
1109
1180
1180
1184
1207
1128
1100
1032
876
781
583
386
215
78
-21
-170
-310
-391
-421
-430
-422
-463
-499
-465
-464
-478
-467
-583
-659
-667
-717
-698
-783
-832
-805
-788
-683
-739
-763
-684
-682
-609
-566
-652
-655
-665
-787
-807
-843
-951
-1002
-1044
-1045
-999
-928
-908
-897
-784
-689
-591
-525
-495
-463
-362
-277
-243
-204
-127
-55
46
133
166
210
247
319
333
358
393
390
410
456
449
515
564
557
626
652
720
766
797
821
860
929
960
949
1019
1077
1095
1162
1184
1178
1209
1193
1128
1129
1064
984
919
846
731
700
556
403
247
108
26
-95
-170
-263
-334
-314
-347
-415
-430
-462
-485
-462
-516
-511
-474
-545
-538
-490
-496
-550
-513
-581
-587
-546
-614
-640
-644
-633
-630
-660
-665
-710
-738
-715
-830
-801
-854
-951
-922
-960
-933
-952
-934
-826
-793
-645
-573
-552
-451
-417
-347
-346
-302
-254
-185
-60
-63
61
153
163
301
326
370
406
387
420
375
382
383
372
346
341
400
402
469
461
507
635
667
770
773
796
895
878
947
930
930
1030
1012
1085
1050
1042
1102
1055
1093
1043
1012
956
830
741
584
500
360
181
99
-6
-46
-105
-193
-209
-250
-241
-267
-321
-311
-306
-319
-321
-345
-340
-362
-451
-354
-438
-487
-422
-609
-549
-568
-698
-585
-705
-732
-725
-817
-727
-858
-822
-887
-1038
-927
-1070
-1080
-1061
-1108
-971
-935
-873
-828
-787
-697
-695
-549
-579
-584
-451
-441
-285
-248
-209
-140
-136
4
44
71
145
101
172
219
256
303
327
372
447
607
632
679
739
758
855
869
869
857
787
856
841
807
868
815
880
948
998
1085
1064
1092
1120
1115
1096
1039
942
804
721
661
557
437
339
289
217
211
204
142
180
142
163
128
31
-19
-137
-189
-228
-270
-326
-421
-445
-350
-347
-398
-426
-491
-475
-427
-560
-678
-756
-775
-747
-922
-986
-1055
-1071
-954
-1105
-1124
-1045
-1079
-979
-1020
-1010
-907
-847
-714
-814
-749
-659
-641
-608
-713
-700
-607
-478
-482
-425
-304
-237
10
51
4
153
158
220
207
189
236
195
281
257
235
342
380
420
478
569
676
727
733
761
812
803
779
733
703
755
820
878
941
966
1083
1142
1156
1205
1162
1170
1155
1121
1015
898
844
738
656
595
502
457
386
341
297
254
193
78
60
15
-43
-68
-173
-218
-226
-273
-374
-447
-516
-607
-590
-601
-687
-695
-703
-746
-723
-721
-803
-812
-800
-861
-873
-907
-939
-1029
-987
-1001
-1137
-1044
-1056
-999
-878
-919
-860
-844
-789
-761
-834
-775
-865
-825
-713
-767
-628
-569
-524
-418
-286
-158
-101
35
19
84
188
179
230
214
225
286
295
378
380
450
593
637
738
765
786
871
887
861
902
963
948
1007
1047
1107
1173
1201
1276
1262
1311
1381
1322
1318
1300
1233
1201
1095
966
886
810
722
633
562
465
409
374
335
265
175
155
64
-14
-56
-229
-259
-275
-402
-411
-478
-591
-554
-578
-611
-606
-679
-684
-731
-807
-808
-918
-992
-1045
-1178
-1185
-1257
-1342
-1337
-1307
-1268
-1244
-1220
-1188
-1122
-1023
-949
-961
-975
-918
-924
-906
-900
-959
-892
-856
-800
-681
-580
-479
-320
-183
-65
81
136
184
218
246
267
220
229
208
160
247
308
339
466
545
663
780
847
958
1012
1060
1093
1122
1109
1072
1067
1078
1108
1107
1155
1182
1223
1331
1390
1417
1417
1387
1368
1363
1253
1137
1038
902
787
690
579
477
398
351
296
260
250
159
125
75
25
-56
-185
-269
-427
-538
-564
-676
-776
-856
-884
-830
-829
-891
-974
-977
-879
-940
-978
-996
-1130
-1061
-1108
-1243
-1206
-1262
-1288
-1224
-1286
-1270
-1204
-1118
-1032
-1021
-933
-880
-851
-800
-799
-819
-743
-778
-816
-738
-697
-613
-504
-438
-318
-187
-30
80
118
211
254
306
348
313
298
344
365
362
447
490
578
699
768
899
981
1048
1092
1140
1174
1239
1240
1239
1257
1263
1356
1371
1382
1461
1483
1491
1520
1508
1443
1398
1327
1269
1206
1071
962
844
700
615
492
404
328
230
194
73
-12
-70
-178
-239
-304
-419
-491
-590
-650
-715
-801
-842
-928
-945
-1031
-1068
-1082
-1189
-1106
-1155
-1201
-1137
-1262
-1199
-1230
-1288
-1240
-1367
-1279
-1324
-1324
-1222
-1295
-1157
-1129
-1112
-946
-949
-812
-763
-736
-636
-613
-519
-568
-527
-506
-431
-351
-346
-236
-226
-97
78
84
161
164
196
293
259
281
255
280
358
374
429
491
558
635
742
857
967
1075
1169
1271
1358
1439
1488
1518
1533
1548
1568
1609
1625
1631
1593
1590
1597
1556
1500
1405
1365
1289
1219
1105
922
783
642
513
410
256
151
47
-39
-109
-227
-307
-428
-495
-529
-637
-705
-760
-814
-808
-895
-947
-978
-969
-980
-1050
-1112
-1180
-1192
-1225
-1276
-1329
-1343
-1353
-1364
-1381
-1408
-1417
-1388
-1417
-1435
-1435
-1407
-1285
-1246
-1191
-1134
-1018
-864
-714
-636
-574
-486
-356
-257
-272
-234
-218
-141
-63
-27
6
79
211
290
335
422
511
546
574
591
560
538
518
481
420
419
447
470
566
674
838
1031
1182
1322
1470
1567
1622
1654
1637
1651
1636
1577
1545
1491
1462
1439
1417
1391
1392
1365
1331
1278
1169
1053
942
792
660
447
241
77
-131
-248
-370
-430
-476
-561
-572
-605
-584
-585
-678
-700
-737
-766
-812
-942
-999
-1076
-1125
-1143
-1311
-1332
-1362
-1395
-1365
-1431
-1372
-1368
-1319
-1305
-1367
-1290
-1314
-1341
-1286
-1317
-1295
-1276
-1250
-1224
-1180
-1017
-907
-738
-628
-540
-371
-288
-189
-132
-105
-53
-19
81
68
111
184
244
386
484
590
640
739
836
825
860
784
745
733
679
708
670
703
740
763
872
961
1050
1145
1216
1308
1397
1472
1490
1468
1478
1487
1528
1473
1441
1462
1394
1380
1323
1282
1251
1169
1135
1035
888
771
613
452
310
161
-4
-159
-305
-410
-486
-588
-686
-760
-837
-813
-856
-922
-972
-999
-1008
-1068
-1093
-1229
-1253
-1233
-1334
-1405
-1481
-1519
-1450
-1485
-1475
-1438
-1470
-1351
-1359
-1361
-1329
-1353
-1267
-1283
-1273
-1212
-1158
-1058
-1045
-978
-815
-682
-516
-423
-324
-218
-43
90
83
114
131
245
308
266
301
360
465
568
583
664
750
849
909
886
884
895
861
829
766
761
798
825
840
861
937
1028
1130
1200
1237
1304
1396
1416
1417
1414
1417
1398
1373
1276
1250
1204
1160
1114
1010
989
927
892
785
707
652
551
466
335
235
133
-23
-181
-328
-455
-538
-662
-743
-831
-909
-944
-986
-989
-1042
-1032
-1034
-1072
-1064
-1116
-1179
-1230
-1259
-1306
-1352
-1403
-1421
-1404
-1393
-1402
-1381
-1334
-1310
-1212
-1191
-1140
-1084
-1052
-955
-950
-883
-792
-817
-714
-639
-567
-381
-324
-201
-97
-31
80
117
166
169
200
310
327
395
457
533
615
700
749
791
867
907
931
965
966
955
947
879
897
899
930
928
899
922
962
1003
1035
1023
1026
1045
1023
1005
992
949
912
920
869
836
846
794
784
769
705
709
679
642
547
473
433
310
210
100
-19
-114
-188
-303
-411
-490
-548
-592
-633
-696
-767
-801
-831
-906
-976
-1017
-1052
-1049
-1107
-1159
-1197
-1232
-1252
-1286
-1285
-1301
-1254
-1207
-1203
-1186
-1132
-1095
-1028
-946
-935
-898
-813
-739
-678
-633
-581
-501
-413
-288
-243
-179
-49
53
162
235
259
331
400
453
439
466
481
543
590
572
654
686
729
730
732
786
795
831
815
764
767
726
692
655
619
617
606
629
631
664
740
748
767
806
827
863
862
826
793
763
751
729
685
643
628
563
543
500
416
418
317
261
234
118
70
-27
-138
-202
-306
-374
-435
-534
-573
-610
-676
-674
-752
-792
-790
-809
-833
-899
-897
-905
-967
-993
-1020
-1049
-1043
-1063
-1057
-1065
-1063
-1024
-985
-967
-941
-874
-859
-818
-766
-733
-626
-583
-529
-452
-441
-349
-256
-203
-126
-57
63
115
195
292
315
404
486
474
544
594
597
633
636
617
663
662
688
713
716
751
757
755
739
717
711
702
661
613
598
596
561
572
536
573
623
611
645
599
594
627
590
554
506
502
512
472
405
360
323
293
266
186
169
111
1
29
-51
-143
-141
-225
-284
-316
-349
-366
-410
-453
-453
-486
-482
-543
-639
-608
-622
-669
-738
-818
-833
-794
-812
-884
-839
-801
-775
-721
-773
-744
-714
-681
-614
-652
-603
-559
-533
-469
-478
-452
-378
-305
-278
-218
-141
-104
-10
30
65
155
177
228
236
318
378
375
448
440
494
557
556
585
560
625
638
604
573
545
576
537
520
509
459
466
381
362
349
302
319
275
282
276
265
271
241
236
281
292
306
304
275
272
312
311
251
244
230
239
221
157
134
103
66
25
-31
-100
-139
-160
-207
-228
-252
-271
-285
-289
-274
-258
-249
-264
-299
-265
-305
-372
-389
-463
-498
-496
-532
-559
-564
-588
-502
-464
-457
-425
-433
-417
-389
-426
-444
-468
-460
-429
-426
-380
-386
-358
-282
-239
-133
-50
-7
51
129
182
217
263
255
291
315
334
367
326
383
407
404
483
483
514
530
512
556
514
469
434
392
365
317
312
255
223
208
163
144
86
99
72
80
84
41
44
5
-17
-23
-32
-36
-72
-80
-92
-82
-38
-28
4
3
8
36
26
18
6
8
-13
-48
-47
-78
-125
-93
-117
-124
-100
-128
-117
-117
-122
-102
-102
-104
-122
-146
-120
-136
-200
-171
-189
-197
-200
-213
-186
-201
-216
-217
-159
-123
-119
-130
-168
-115
-125
-133
-125
-185
-161
-118
-140
-112
-102
-90
-16
12
63
102
149
221
236
261
280
291
272
242
240
222
225
218
227
233
218
283
242
226
289
253
276
224
146
117
69
16
-47
-107
-145
-157
-153
-170
-185
-151
-127
-99
-96
-88
-72
-67
-112
-165
-165
-167
-195
-230
-273
-242
-200
-208
-188
-170
-109
-20
-22
-35
-16
10
49
16
-68
-76
-69
-60
-74
-90
-85
-54
-27
34
49
87
107
113
109
105
107
97
56
0
22
59
62
39
71
133
183
222
206
199
278
290
291
261
247
247
242
228
170
141
138
138
115
92
63
81
96
77
51
25
17
-19
-18
-34
-45
-16
-66
-97
-94
-127
-108
-136
-167
-104
-107
-86
-74
-108
-38
-55
-66
-35
-84
-38
-73
-108
-92
-152
-133
-155
-191
-184
-189
-148
-157
-184
-202
-229
-197
-211
-227
-254
-238
-220
-275
-277
-261
-297
-272
-261
-250
-202
-193
-160
-123
-104
-43
-3
-17
-34
-11
3
21
5
-7
18
67
85
54
71
110
176
228
254
269
321
313
336
338
317
339
315
270
282
276
287
332
325
355
370
419
425
389
389
403
384
342
304
251
228
198
147
128
96
82
77
43
53
58
36
7
-48
-66
-87
-91
-107
-138
-127
-141
-152
-174
-187
-160
-157
-129
-148
-141
-122
-181
-172
-201
-216
-194
-223
-246
-266
-283
-287
-320
-330
-359
-340
-355
-393
-361
-367
-341
-341
-356
-353
-363
-332
-334
-351
-320
-301
-282
-239
-240
-223
-174
-141
-132
-102
-79
-74
-19
4
17
17
14
38
55
90
129
125
146
195
231
286
292
275
307
326
343
348
304
313
307
343
386
338
361
385
417
468
445
429
447
410
458
426
357
331
294
272
237
223
213
203
178
172
166
158
155
161
118
116
109
91
63
31
-6
-15
-5
-45
-40
-61
-48
-42
-84
-91
-111
-261
-317
-330
-440
-446
-537
-613
-501
-457
-453
-415
-409
-307
-212
-194
-203
-269
-212
-231
-328
-316
-406
-389
-340
-360
-321
-276
-231
-165
-106
-95
-62
-62
-125
-138
-185
-207
-244
-318
-274
-313
-273
-174
-193
-108
35
82
163
228
214
314
327
264
283
230
255
273
214
250
273
324
413
394
469
526
512
532
512
439
438
356
260
255
200
162
166
114
125
175
181
225
210
242
306
290
273
225
189
192
138
78
52
32
15
41
11
13
35
23
29
7
-10
-43
-89
-122
-154
-238
-289
-331
-359
-385
-397
-391
-398
-399
-364
-339
-346
-294
-270
-267
-270
-257
-292
-334
-341
-344
-360
-362
-358
-377
-387
-341
-320
-268
-228
-187
-122
-93
-59
-52
-44
-73
-92
-91
-103
-93
-86
-80
-45
1
42
61
99
169
217
258
251
270
305
304
307
300
310
317
323
326
363
383
378
356
367
361
370
378
338
350
330
336
335
299
268
230
227
226
194
178
178
135
122
110
73
55
40
34
39
28
16
-5
-35
-25
-46
-55
-37
-93
-108
-113
-146
-166
-212
-247
-242
-229
-255
-290
-296
-276
-247
-234
-232
-238
-241
-244
-257
-283
-314
-328
-338
-319
-316
-311
-301
-309
-290
-230
-207
-206
-181
-182
-182
-153
-155
-203
-196
-159
-135
-131
-127
-78
-51
-15
5
28
47
59
61
79
94
112
110
70
75
99
110
131
155
168
223
272
296
307
317
331
350
346
314
304
311
319
291
268
287
304
318
318
312
294
293
301
253
259
246
206
164
113
73
74
51
9
16
0
1
-15
-11
-12
-7
-5
-1
1
-47
-73
-106
-130
-153
-181
-212
-216
-201
-191
-174
-171
-169
-167
-184
-187
-198
-248
-240
-245
-239
-224
-236
-222
-219
-230
-277
-242
-179
-159
-138
-155
-152
-116
-121
-113
-117
-130
-129
-110
-61
-74
-97
-102
-118
-78
-84
-82
-48
-35
-39
-23
-13
27
44
28
37
57
82
84
130
148
155
167
181
207
228
260
258
243
230
217
202
201
172
153
160
176
140
145
156
126
153
144
129
138
145
130
135
130
128
119
117
127
118
115
119
108
84
83
43
16
-14
-35
-32
-53
-58
-82
-106
-107
-121
-138
-141
-154
-156
-176
-194
-194
-190
-208
-198
-178
-180
-161
-155
-167
-156
-148
-131
-139
-137
-165
-169
-148
-158
-127
-118
-98
-52
-32
-33
-28
-22
-16
-9
-9
-23
-45
-6
-7
-43
-22
-5
28
38
34
44
47
43
38
16
8
12
26
22
24
60
59
67
93
98
135
153
148
149
140
178
156
150
144
157
176
158
161
136
157
151
128
119
125
115
98
78
68
55
27
9
-3
-20
-54
-51
-98
-97
-90
-88
-91
-97
-89
-57
-21
-44
-29
-23
-24
-9
-52
-57
-66
-54
-53
-64
-68
-78
-61
-55
-58
-69
-63
-76
-56
-89
-105
-88
-78
-82
-90
-85
-100
-56
-62
-67
-39
-51
-39
-29
-49
-45
-31
-33
-15
5
18
10
14
19
15
30
53
31
17
49
22
21
36
21
41
56
62
86
77
76
79
95
88
51
74
72
60
60
69
73
67
63
85
88
95
76
89
84
64
84
56
30
13
28
20
7
-20
-34
-34
-43
-45
-56
-45
-37
-36
-41
-62
-82
-76
-63
-75
-68
-55
-72
-47
-43
-53
-48
-40
-39
-15
-40
-36
-32
-26
-46
-73
-63
-95
-85
-104
-112
-105
-71
-77
-63
-52
-47
-30
-31
-38
-49
-40
-28
-52
-49
-49
-26
-8
-8
39
51
59
73
87
89
91
103
109
102
90
87
77
65
72
69
70
83
60
74
61
39
53
69
82
83
80
81
111
100
76
72
60
49
62
61
57
57
48
53
46
55
58
34
14
6
-4
-17
-34
-71
-85
-87
-87
-98
-115
-90
-92
-75
-67
-66
-56
-13
-21
-50
-54
-81
-113
-117
-104
-134
-106
-117
-100
-105
-105
-84
-77
-52
-44
-52
-55
-54
-62
-52
-49
-29
-16
-8
-10
-6
19
19
28
10
14
23
46
44
26
29
22
26
19
40
59
60
67
81
85
93
84
85
83
84
71
74
84
64
73
65
88
97
101
119
103
85
65
61
50
41
39
35
48
38
37
59
45
18
16
22
31
14
3
-7
-10
-28
-29
-33
-34
-34
-28
-43
-42
-34
-50
-49
-83
-82
-77
-76
-85
-79
-78
-75
-79
-98
-110
-125
-137
-131
-126
-129
-127
-127
-126
-119
-94
-92
-90
-83
-85
-71
-56
-37
-42
-36
-18
-4
18
6
8
12
13
21
17
42
38
28
40
38
48
64
66
67
77
94
98
100
110
118
114
134
159
139
151
161
168
168
159
162
147
134
139
123
100
111
84
66
68
62
48
47
43
21
20
3
-23
-22
-6
-31
-40
-47
-51
-51
-79
-84
-77
-86
-100
-111
-113
-107
-116
-130
-128
-118
-105
-140
-163
-193
-195
-193
-204
-197
-183
-174
-156
-132
-132
-116
-130
-121
-108
-125
-132
-119
-117
-90
-65
-58
-31
-16
5
20
41
43
44
36
32
48
54
62
80
65
83
85
90
90
120
127
143
162
156
151
154
156
156
160
162
146
144
164
164
176
179
174
188
178
188
179
193
186
155
160
144
128
127
105
105
108
78
89
66
55
41
29
8
-14
-30
-41
-37
-59
-68
-87
-114
-122
-125
-139
-142
-141
-129
-158
-180
-184
-188
-179
-178
-177
-165
-150
-184
-158
-147
-156
-141
-127
-156
-158
-153
-183
-170
-177
-192
-179
-148
-165
-174
-158
-127
-107
-101
-98
-91
-84
-88
-82
-73
-64
-55
-43
-43
-31
-5
-12
16
44
39
42
41
60
56
78
63
71
94
87
126
144
166
172
199
232
228
248
254
244
253
247
247
267
246
235
231
221
227
238
223
224
228
213
207
195
194
159
129
117
115
115
100
73
70
46
35
18
13
-7
-32
-34
-20
-47
-99
-106
-127
-163
-171
-196
-207
-206
-232
-226
-251
-252
-233
-244
-235
-228
-250
-233
-231
-249
-254
-256
-267
-239
-223
-232
-195
-186
-172
-166
-150
-120
-118
-94
-98
-117
-117
-124
-141
-144
-137
-142
-105
-96
-64
-44
-7
24
33
72
90
89
113
134
114
122
121
134
131
155
197
209
223
236
253
253
272
261
260
264
257
262
232
221
212
213
193
205
209
201
210
206
209
204
202
188
184
174
171
135
134
113
75
68
43
17
11
-18
-43
-43
-55
-49
-60
-61
-102
-113
-126
-151
-159
-186
-191
-210
-218
-226
-235
-259
-261
-259
-261
-242
-231
-218
-213
-198
-199
-215
-217
-210
-205
-191
-189
-178
-174
-176
-152
-165
-154
-156
-135
-128
-113
-99
-89
-75
-78
-80
-63
-63
-60
-43
-31
5
7
17
31
47
83
92
133
159
139
165
162
175
173
190
211
206
206
204
226
232
228
245
233
231
248
244
244
228
210
210
212
203
191
205
179
168
159
142
138
135
115
104
92
83
83
69
57
55
56
38
27
10
7
-7
-31
-60
-81
-87
-103
-115
-131
-139
-162
-173
-192
-199
-208
-226
-225
-215
-224
-240
-247
-257
-282
-268
-256
-265
-259
-252
-262
-242
-222
-209
-194
-192
-176
-167
-163
-145
-135
-120
-105
-106
-108
-100
-88
-78
-56
-45
-17
13
34
43
68
94
105
117
116
131
134
124
123
118
130
121
125
146
142
163
190
183
213
242
243
258
251
253
255
258
261
263
277
262
253
235
207
209
183
191
176
173
164
138
139
124
105
90
75
54
38
17
5
-13
-20
-43
-68
-74
-84
-82
-107
-111
-114
-131
-129
-156
-161
-167
-177
-184
-178
-209
-210
-227
-236
-236
-258
-255
-254
-258
-245
-240
-246
-228
-239
-225
-213
-219
-208
-202
-192
-183
-180
-178
-172
-151
-111
-110
-85
-71
-73
-44
-26
-14
-7
22
16
37
46
53
51
53
79
95
125
141
151
163
174
171
191
196
186
217
220
240
237
222
214
192
212
205
209
184
191
210
203
202
181
172
183
172
176
185
176
194
189
154
125
123
94
88
63
59
71
55
33
15
2
-1
-10
-35
-21
-28
-44
-69
-83
-101
-112
-127
-140
-151
-155
-173
-191
-179
-176
-175
-188
-184
-179
-199
-191
-204
-201
-215
-215
-223
-258
-226
-229
-231
-208
-189
-172
-165
-153
-147
-115
-99
-91
-84
-89
-78
-70
-51
-66
-66
-40
-38
-28
-10
-2
-1
11
23
49
56
50
84
80
87
110
115
130
142
141
149
148
154
163
176
180
200
198
208
194
199
175
162
166
151
157
139
146
154
145
135
135
151
143
113
111
110
114
102
78
71
76
66
49
39
19
22
22
16
11
1
3
-11
-26
-37
-63
-60
-70
-104
-106
-146
-144
-141
-162
-160
-151
-164
-170
-168
-179
-176
-176
-172
-173
-165
-181
-181
-156
-150
-131
-135
-133
-127
-116
-97
-80
-75
-47
-40
-58
-55
-52
-43
-42
-44
-47
-25
-12
-5
16
6
7
20
38
45
59
74
65
80
62
61
70
66
67
67
87
74
81
100
95
97
102
105
92
106
95
99
104
92
111
116
135
130
132
123
109
102
106
101
87
65
76
91
93
95
69
47
10
-1
-22
-26
-44
-44
-33
-46
-29
-60
-55
-68
-74
-74
-71
-73
-72
-56
-68
-51
-70
-75
-69
-61
-64
-92
-97
-103
-99
-110
-115
-115
-98
-122
-106
-98
-106
-95
-103
-104
-92
-86
-72
-53
-55
-29
-31
4
19
10
18
19
14
26
44
49
71
61
56
82
79
82
70
84
88
76
63
61
74
73
90
78
60
77
67
58
63
51
39
50
60
56
64
64
57
48
57
58
66
72
46
46
51
36
38
28
23
16
22
12
10
6
0
0
-20
-21
-29
-41
-46
-48
-64
-65
-80
-81
-68
-90
-88
-93
-103
-90
-101
-81
-91
-92
-81
-67
-60
-51
-55
-47
-56
-80
-88
-80
-82
-79
-71
-72
-52
-47
-30
-24
-8
-9
5
-6
-20
-2
6
23
11
8
16
26
39
41
50
58
57
70
64
76
81
73
80
87
86
93
97
89
73
56
50
69
67
69
87
76
71
69
68
46
27
11
16
24
11
19
10
23
20
16
12
7
9
16
14
4
4
-17
-21
-14
-22
-45
-36
-27
-34
-24
-34
-37
-49
-37
-32
-34
-20
-37
-43
-67
-63
-73
-84
-87
-95
-89
-87
-76
-70
-75
-71
-68
-71
-70
-63
-56
-50
-41
-42
-40
-34
-12
-15
2
6
3
-8
-14
1
3
7
18
30
34
34
30
41
44
48
51
50
56
39
64
80
78
81
77
63
82
74
81
76
58
79
74
69
67
68
70
66
60
51
45
48
40
34
50
30
23
30
36
11
1
14
-3
-2
-6
-25
-27
-22
-30
-29
-37
-47
-49
-59
-63
-55
-62
-66
-63
-67
-65
-69
-71
-54
-60
-71
-76
-79
-84
-104
-79
-75
-75
-62
-73
-67
-59
-62
-67
-67
-57
-55
-47
-47
-60
-37
-47
-50
-44
-40
-39
-31
-13
-4
-5
6
20
26
31
43
53
40
45
50
60
63
72
85
80
90
101
99
102
94
94
84
73
76
67
66
69
94
82
77
69
64
65
52
42
46
54
64
86
77
51
60
73
62
63
43
37
36
6
-13
-2
-1
-11
0
-14
-12
-7
-26
-31
-39
-37
-54
-61
-63
-82
-77
-76
-80
-86
-94
-108
-89
-106
-108
-93
-97
-91
-83
-88
-76
-72
-82
-77
-74
-82
-90
-80
-55
-54
-67
-58
-58
-51
-28
-39
-26
-16
-11
-13
-10
1
-12
17
0
-2
-4
-2
17
24
44
51
52
39
39
40
71
70
67
66
54
58
61
61
53
57
84
103
110
104
86
86
103
97
96
93
99
107
70
75
74
69
73
76
68
54
58
59
48
55
46
48
35
24
13
-2
-15
-25
-27
-39
-33
-26
-52
-53
-51
-64
-70
-71
-82
-82
-87
-96
-98
-116
-124
-124
-112
-108
-106
-120
-104
-87
-92
-77
-70
-69
-93
-78
-72
-85
-70
-78
-68
-83
-80
-60
-78
-61
-34
-25
-20
-26
-7
-2
0
-14
-11
-6
1
5
16
33
27
20
31
47
40
57
65
82
80
84
95
98
92
85
84
79
87
92
108
111
122
134
127
129
150
133
157
156
156
145
115
109
89
110
100
109
86
86
94
57
52
50
46
37
24
39
25
7
8
-9
-15
-29
-50
-62
-66
-69
-87
-106
-120
-116
-127
-128
-119
-128
-128
-137
-161
-147
-152
-165
-155
-175
-176
-164
-188
-188
-180
-178
-174
-162
-162
-141
-127
-128
-116
-114
-82
-91
-84
-62
-43
-44
-40
-17
-15
-17
-8
9
18
4
19
33
39
26
44
59
67
83
82
84
77
72
70
82
85
89
86
86
105
136
154
151
144
136
145
154
147
128
141
147
150
162
173
148
146
149
139
143
126
107
113
101
85
77
82
69
52
53
22
16
16
26
24
10
10
-2
-15
-26
-23
-36
-46
-40
-50
-71
-76
-72
-80
-87
-95
-107
-123
-127
-114
-105
-131
-124
-141
-165
-166
-169
-175
-166
-158
-151
-120
-143
-140
-118
-110
-107
-99
-104
-105
-88
-90
-67
-57
-70
-63
-63
-71
-57
-28
-27
-12
-8
9
11
11
34
28
38
46
55
66
83
83
71
76
77
79
86
79
73
94
77
85
106
111
117
117
118
112
106
95
109
107
113
129
111
114
121
118
105
98
121
110
98
89
68
47
53
38
27
33
5
7
-9
-26
-47
-34
-33
-43
-44
-47
-60
-64
-51
-65
-58
-78
-84
-85
-94
-98
-105
-100
-115
-117
-122
-116
-100
-97
-107
-118
-106
-103
-110
-99
-95
-104
-90
-81
-70
-74
-49
-43
-51
-48
-46
-29
-20
-10
-17
-17
-22
-2
7
11
19
27
32
23
28
26
46
56
73
88
66
82
90
90
84
82
76
88
85
95
105
98
102
100
107
94
97
89
118
113
97
115
99
87
112
108
91
92
83
66
60
50
26
32
23
20
13
13
12
-23
-32
-44
-56
-59
-49
-69
-76
-62
-74
-90
-96
-113
-119
-112
-103
-100
-95
-99
-100
-98
-93
-91
-93
-88
-83
-83
-73
-105
-102
-93
-106
-97
-95
-74
-78
-66
-54
-72
-64
-59
-57
-50
-34
-32
-28
-27
-34
-28
-31
-5
-8
9
10
17
4
1
27
28
35
31
33
32
36
33
37
52
70
88
104
110
108
96
102
92
90
98
108
112
101
102
112
115
95
87
92
83
81
80
78
68
75
64
72
79
72
62
47
48
35
31
23
8
4
20
1
-3
-1
-18
-18
-33
-38
-37
-36
-35
-44
-42
-45
-56
-46
-43
-59
-67
-70
-58
-84
-88
-89
-90
-77
-66
-65
-66
-60
-60
-60
-70
-69
-67
-75
-69
-68
-70
-60
-69
-73
-68
-64
-53
-51
-45
-51
-49
-39
-44
-35
-45
-43
-35
-31
-12
-2
-1
6
10
32
51
57
62
67
66
59
75
70
73
91
78
73
66
66
58
53
53
57
57
53
62
48
61
67
63
62
57
50
43
37
32
43
31
27
41
35
23
34
32
34
18
19
20
4
2
-15
-14
-11
-23
-20
-18
-45
-45
-54
-51
-40
-28
-37
-20
-26
-40
-36
-31
-43
-50
-64
-63
-61
-65
-65
-72
-56
-41
-27
-35
-30
-21
-39
-43
-32
-28
-25
-29
-18
-24
-38
-36
-32
-25
-12
-14
7
-6
-15
-6
-2
-14
-12
-1
-2
19
14
21
24
35
29
22
18
31
49
55
46
57
58
43
43
32
38
23
40
46
39
50
51
52
40
49
55
38
49
51
46
51
35
46
21
11
18
8
5
-4
18
24
24
10
6
-5
-25
-21
-13
-17
-25
-11
-9
-25
-17
-25
-25
-34
-35
-41
-41
-33
-35
-33
-39
-45
-44
-43
-51
-49
-53
-55
-62
-66
-52
-52
-47
-37
-29
-33
-25
-23
-14
3
-14
-9
-16
-17
-13
-2
-2
4
20
2
3
19
19
19
32
41
50
39
31
14
23
32
15
8
21
11
10
6
15
1
8
25
30
37
27
39
32
36
27
23
11
4
2
-1
11
9
13
12
5
14
19
0
4
4
-2
1
8
-4
2
14
15
-4
13
21
2
7
2
2
-6
-17
-13
-12
-11
-12
-21
-9
-23
-19
-30
-33
-7
-22
-15
-16
-22
-15
-21
-26
-18
-18
-34
-26
-5
-15
-25
-21
-11
-11
-4
-2
6
12
4
20
1
3
0
-7
-4
5
14
9
21
22
16
14
29
20
22
33
31
32
34
17
18
27
42
40
31
28
24
10
-3
-1
-4
1
3
4
-2
-11
-8
-24
-21
-25
-28
-11
-12
-36
-45
-35
-40
-39
-37
-34
-15
-13
-20
-13
-2
-26
-10
-8
-1
10
-11
-3
-6
19
35
28
22
23
15
-3
1
-7
-7
-15
-25
-15
-36
-39
-21
-13
-14
-11
-27
-16
-15
-16
-9
-14
-21
-11
-11
-12
-21
-11
1
-9
17
10
1
-7
0
-15
-10
-1
-3
3
12
14
3
21
28
23
20
19
22
12
27
26
17
30
44
36
41
58
40
45
40
26
26
39
28
40
33
18
4
-4
6
4
12
24
23
23
32
24
11
13
10
-5
-1
-7
-19
-16
-24
-23
-31
-7
4
0
-8
-22
-4
-6
-36
-39
-36
-39
-46
-42
-33
-31
-34
-53
-51
-45
-29
-26
-21
-21
-15
-23
-11
1
-13
-11
8
5
8
3
-10
-18
-15
-11
-9
18
12
18
28
29
27
15
8
15
7
14
15
-1
4
5
33
39
40
41
42
35
33
17
15
11
2
3
-2
-4
-8
-6
5
23
5
1
18
5
3
8
-5
-4
-2
8
4
8
3
-7
0
-20
-21
-18
-18
-29
-31
-41
-52
-33
-38
-33
-25
-24
-18
-7
-11
-28
-30
-25
-32
-37
-34
-26
-26
-29
-33
-35
-16
-10
-7
-7
-9
-2
-23
-7
-9
-14
-2
1
-4
3
15
6
19
22
11
28
42
48
44
40
47
44
46
55
50
45
51
46
36
33
28
24
24
26
54
51
47
67
61
75
55
42
35
24
17
2
12
14
26
26
20
26
31
32
35
33
27
16
4
11
-7
-14
-6
4
-16
-28
-27
-33
-23
-39
-33
-29
-32
-42
-55
-47
-73
-82
-80
-83
-73
-72
-52
-55
-65
-71
-70
-57
-50
-52
-59
-62
-66
-80
-63
-54
-44
-45
-45
-49
-38
-35
-40
-27
-33
-25
-26
-20
-14
6
-10
-7
-2
-3
-8
-1
-7
-21
-19
-5
-2
-15
-6
2
26
27
31
33
38
39
46
35
42
48
64
80
74
80
92
91
87
93
75
90
98
89
99
90
90
84
63
62
65
58
67
59
51
51
44
44
26
3
8
2
-4
16
20
-4
2
-11
-2
-5
-13
-28
-16
-19
-15
-1
-14
-15
-20
-18
-24
-12
-28
-34
-12
-36
-36
-55
-62
-58
-66
-71
-57
-60
-64
-54
-55
-67
-81
-101
-93
-83
-84
-91
-85
-88
-70
-73
-92
-66
-56
-56
-44
-34
-35
-34
-12
-5
-9
-3
-5
5
10
32
45
47
43
40
38
52
55
38
61
55
62
61
47
36
31
38
24
22
34
46
47
55
55
54
56
64
47
46
56
50
48
48
44
35
39
35
39
39
42
30
6
10
11
16
21
8
11
16
14
5
0
-22
-15
-5
-4
-6
-8
3
-6
-9
-25
-30
-34
-37
-39
-49
-61
-57
-56
-70
-60
-52
-47
-43
-21
-35
-34
-46
-49
-40
-46
-51
-38
-29
-29
-8
-12
-15
-22
-16
-19
-20
-41
-37
-39
-41
-27
-34
-30
-39
-31
-18
-20
-13
-13
-5
-3
3
13
25
9
-2
5
-4
-1
4
29
38
50
60
69
70
78
81
79
80
70
76
72
68
48
60
64
62
62
69
73
72
67
64
63
56
56
54
46
59
69
46
38
34
15
11
0
13
15
19
13
3
3
-13
-39
-52
-61
-88
-65
-48
-48
-41
-42
-56
-66
-56
-65
-77
-72
-64
-69
-72
-72
-70
-87
-77
-80
-82
-78
-82
-82
-80
-78
-81
-70
-62
-57
-52
-48
-45
-40
-47
-44
-25
-22
-41
-31
-24
-18
-17
-9
11
20
34
29
32
24
30
22
16
16
18
29
29
55
49
44
43
55
68
75
73
81
96
91
79
80
79
69
64
65
68
68
70
74
69
63
62
52
52
66
55
43
37
40
33
23
24
21
14
8
14
10
20
7
9
-1
-13
-14
-21
-32
-30
-26
-32
-32
-38
-40
-39
-38
-43
-29
-29
-35
-41
-44
-44
-36
-50
-76
-79
-77
-72
-76
-85
-67
-66
-64
-65
-69
-65
-82
-78
-69
-65
-59
-50
-51
-50
-36
-26
-23
-19
0
-1
-5
-4
3
4
4
19
14
15
14
18
19
18
30
35
17
28
19
19
27
22
37
40
47
42
57
50
49
59
74
66
73
82
81
83
82
90
94
88
82
92
90
94
67
55
67
64
70
71
56
44
37
21
16
12
13
6
-2
-9
-13
-14
-27
-42
-68
-65
-78
-86
-74
-69
-69
-54
-58
-66
-68
-81
-90
-82
-90
-90
-85
-107
-98
-85
-79
-85
-74
-64
-72
-61
-62
-66
-69
-65
-68
-71
-66
-57
-43
-42
-30
-6
-14
-25
-11
-17
-25
-11
-16
4
19
21
35
49
45
42
35
42
39
38
47
52
61
62
69
75
93
80
68
67
68
67
69
79
81
82
74
67
70
76
72
77
83
87
94
73
70
61
58
52
42
47
33
30
25
23
10
-8
26
15
19
11
4
16
2
-8
-23
-33
-37
-48
-44
-36
-39
-39
-37
-55
-55
-65
-58
-38
-34
-34
-55
-56
-59
-63
-69
-60
-72
-82
-81
-73
-65
-58
-63
-65
-67
-65
-73
-84
-84
-92
-87
-77
-63
-56
-58
-54
-46
-29
-38
-38
-33
-32
-28
-7
-8
-8
18
43
45
44
35
47
57
48
43
32
35
44
58
59
50
64
76
77
87
83
76
73
77
63
67
59
61
66
74
73
67
56
35
30
38
38
35
35
33
37
45
44
41
38
37
41
27
22
31
29
20
3
8
2
-4
-3
-6
3
-14
-18
-35
-50
-55
-51
-48
-42
-50
-61
-65
-60
-51
-41
-46
-59
-55
-59
-66
-60
-62
-83
-85
-82
-84
-86
-78
-73
-71
-68
-81
-71
-60
-48
-31
-33
-31
-22
-22
-21
-24
-15
9
10
18
27
32
32
40
26
15
30
38
40
39
40
35
41
53
40
29
42
45
39
51
54
60
61
51
45
58
54
52
52
43
54
51
41
26
13
13
17
23
27
32
24
-2
-2
4
4
2
14
21
14
2
-6
-11
-25
-23
-23
-31
-45
-34
-42
-44
-42
-39
-48
-45
-15
-20
-13
-7
-12
-18
-30
-28
-32
-22
-18
-17
-7
-6
-12
-24
-24
-25
-18
-11
-6
0
5
-20
-43
-35
-21
-27
-24
-19
-14
2
-14
-22
-17
5
0
5
21
9
7
5
6
14
5
11
7
21
39
31
32
36
38
24
29
22
19
35
21
17
22
15
6
30
38
32
43
48
38
39
29
31
22
24
34
18
22
26
18
15
27
25
45
31
29
28
24
11
-12
7
18
14
10
2
-4
-1
-8
-18
-22
-15
-21
-34
-30
-28
-38
-24
-27
-36
-36
-39
-44
-62
-63
-67
-56
-61
-58
-37
-52
-51
-46
-45
-45
-67
-53
-43
-45
-41
-41
-48
-57
-53
-31
-26
-36
-29
-23
-27
-29
-20
-18
-12
-2
10
13
5
15
7
-2
11
10
10
22
32
48
48
31
42
38
44
43
46
48
51
49
41
59
51
58
57
54
66
68
56
44
31
34
31
26
22
27
26
10
21
13
32
27
22
32
41
36
27
47
41
33
31
29
45
38
28
12
3
4
6
12
7
6
-15
-21
-29
-36
-55
-57
-62
-57
-64
-76
-49
-65
-67
-56
-50
-44
-47
-49
-59
-61
-56
-59
-59
-44
-45
-43
-36
-25
-21
-17
-23
-24
-7
-6
-2
2
2
1
-3
-17
-13
-4
3
0
-4
6
4
0
3
8
6
-4
14
26
22
28
27
26
14
5
-4
2
5
21
29
39
48
46
43
41
40
24
17
12
17
10
5
24
48
43
45
50
47
40
29
33
20
12
5
3
9
13
17
10
5
6
9
1
-12
-2
-18
-27
-29
-60
-47
-33
-30
-39
-44
-39
-35
-26
-24
-16
-24
-20
-23
-20
-29
-28
-47
-55
-49
-46
-40
-25
-24
-22
-2
-7
-4
9
15
9
4
1
-22
-18
-10
-4
-4
-5
2
15
30
25
18
27
29
15
17
13
-1
-8
-3
-20
-6
8
13
20
27
35
18
30
24
17
22
36
32
30
15
11
24
35
36
51
46
42
45
34
29
19
17
19
13
16
27
20
19
24
10
13
14
23
33
12
2
-6
-10
-2
-13
-18
-26
-22
-13
-33
-27
-16
-19
-25
-16
-17
-21
-2
-16
-9
-15
-41
-36
-59
-55
-58
-41
-20
-25
-17
-23
-26
-28
-17
-26
-27
-32
-15
-16
-28
-18
-20
-34
-42
-18
-44
-25
-12
-14
-12
-16
-6
-17
-22
1
5
4
9
16
20
6
17
15
9
7
18
10
7
15
17
26
28
45
24
27
15
-2
18
13
18
22
5
0
8
8
19
32
25
24
32
14
23
22
14
26
18
16
13
10
9
4
4
3
-2
13
19
19
12
2
4
9
4
5
2
1
1
-8
-16
-25
-14
-11
-19
-13
-14
-20
-23
-14
-4
-9
-1
8
-2
-5
-5
-11
-3
8
-2
-11
2
-22
-14
1
-4
7
-4
6
6
10
5
6
-9
-4
6
-4
6
1
6
-2
15
22
16
18
28
20
18
11
4
-5
-15
-24
-15
-19
-33
-24
-11
17
14
21
25
17
11
21
18
19
12
5
8
13
27
20
28
9
-5
10
4
-4
10
6
-9
-14
-19
-20
-32
-20
-27
-21
-15
-25
-16
-11
-8
-10
-32
-35
-32
-31
-33
-22
-23
-18
-23
-16
-14
1
7
5
5
5
17
9
11
-7
-23
-17
-15
-24
-17
4
-13
2
4
-3
-6
-13
-3
-1
5
-7
-2
3
-3
3
-8
-15
-1
5
5
-4
-17
-13
-11
-11
-2
-12
-7
3
14
17
28
35
37
43
42
25
16
30
14
14
13
6
3
1
19
18
27
7
5
-3
-17
-11
-18
-18
-26
-16
-11
-24
0
1
-1
-9
-1
-3
-3
-11
-3
-5
-6
4
5
7
6
18
22
30
23
20
13
12
24
22
15
13
27
0
6
9
5
4
-1
19
7
12
-3
-8
-6
-3
3
-10
-7
1
-12
-15
2
11
12
-3
-1
15
12
13
10
15
9
-7
-1
-5
-17
-29
-25
-25
-8
-5
1
15
6
3
12
-2
-10
-26
-34
-25
-32
-28
-27
-33
-24
-30
-29
-26
-15
-11
-12
-10
-21
-28
-30
-19
-20
-18
-13
-10
-13
-4
-4
7
13
-2
2
3
14
12
15
9
3
5
0
5
12
16
19
17
23
37
37
33
32
39
32
26
24
19
15
0
7
18
20
12
3
8
-3
-5
-18
-12
-1
-1
3
-4
8
6
3
2
-6
-12
-3
-3
-11
0
3
2
-1
6
-5
2
19
-9
4
2
-1
-3
-14
6
-4
-6
-1
-12
-12
-9
-13
-18
-21
-13
-15
-6
3
0
0
-4
-4
-3
-15
-9
-5
6
15
18
16
8
13
28
14
13
10
-3
15
4
1
4
24
0
5
13
-3
5
1
4
3
7
3
9
18
29
42
30
23
13
13
-4
-9
-10
-15
-7
-22
-7
-24
-35
-25
-21
-12
-8
3
-18
-13
-13
-13
-18
-22
-8
-18
-16
-7
-10
-16
-10
-8
-9
-1
-5
4
5
4
-2
-16
0
-19
-22
-7
-25
-17
-21
-24
-20
-22
-16
-20
-22
-17
-7
-13
-12
-15
-15
-7
14
20
17
20
11
8
6
26
30
23
42
39
45
40
40
28
21
22
13
10
2
13
6
0
0
-2
-5
-3
-8
-16
-18
-8
-18
-23
-21
-25
-20
-24
-14
-8
7
-7
-8
15
11
5
-5
-5
-8
-6
-4
-17
-11
-3
-3
-1
11
8
14
12
10
12
8
12
17
15
13
22
25
21
18
8
2
5
1
2
6
-8
0
6
15
-5
3
6
1
3
-5
0
-3
7
-2
-7
-11
-1
-5
1
3
0
-4
-5
2
10
3
-11
-11
0
-9
-23
-8
-20
-19
-21
-12
2
2
2
-6
-8
2
-1
-5
-1
-7
0
7
1
6
-2
-2
0
-7
3
5
11
-6
-9
2
4
2
7
-6
-9
-17
-12
-12
-13
-5
-6
4
1
5
4
-2
-10
-9
-15
-19
-13
3
1
-9
-10
-14
-11
-4
-5
10
12
11
19
34
29
20
20
21
27
17
7
-2
3
22
22
21
17
8
5
1
3
-4
6
4
12
15
15
16
17
19
14
15
9
5
-3
0
3
-4
-6
-8
-6
1
-10
-1
-9
-6
-4
-16
-16
-18
-18
-16
-25
-17
-6
-2
5
4
0
2
9
-7
-6
-15
-12
-7
-15
-7
-5
-10
-2
10
3
4
0
-6
-16
-18
-31
-28
-14
-16
-16
-10
-18
-8
-13
-7
-3
-4
4
-9
-18
-15
-23
-19
-19
-22
-24
-12
-3
-2
6
3
-1
16
23
8
10
11
16
21
26
18
24
23
23
31
14
22
25
32
33
33
12
18
4
7
22
14
28
10
20
18
12
12
10
8
13
9
18
12
-2
-6
-18
-14
-3
0
-1
-3
-10
-6
-13
-13
-10
-17
-17
-17
-20
-19
-18
-15
-5
-2
-4
-3
0
6
-7
-15
-23
-15
-19
-32
-21
-18
-22
-39
-43
-42
-30
-27
-24
-14
-12
-6
-10
-14
-8
-9
-7
-11
3
-1
-4
3
11
8
2
0
7
15
21
33
34
41
38
23
15
19
19
11
17
26
22
29
38
32
33
37
41
40
35
11
1
13
14
9
6
2
-4
-3
0
-12
0
-7
0
6
15
23
4
11
10
5
8
-2
-1
-1
-8
-11
-5
-7
-22
-18
-3
0
-18
-18
-15
-22
-27
-42
-39
-38
-46
-51
-52
-45
-55
-44
-36
-30
-25
-28
-19
-15
-6
-22
-14
-20
-16
-4
-9
-3
-5
-9
-1
-7
-16
1
11
18
13
30
20
15
21
14
28
25
28
7
14
12
25
27
21
15
10
19
13
23
17
23
20
3
14
-3
-7
-5
-8
0
-2
14
37
39
28
38
36
34
18
5
16
8
10
15
11
16
19
2
9
10
6
11
5
9
8
3
0
0
-3
1
11
4
-8
-6
-21
-28
-29
-27
-29
-28
-25
-34
-21
-28
-31
-37
-41
-46
-42
-45
-34
-26
-31
-18
-20
-17
-22
-28
-15
-18
-5
-5
-1
-6
11
17
14
23
12
6
-5
8
-4
-2
10
18
35
28
35
23
32
20
8
18
8
20
19
25
30
30
11
10
12
10
10
7
-4
8
10
0
6
0
19
13
18
17
15
14
4
-4
-13
-12
-9
-8
-8
9
-13
-4
-10
-14
-7
-20
-12
-21
-27
-12
-8
-14
-1
0
8
7
12
7
-3
-11
-20
-22
-13
-19
-14
0
-12
-7
-3
-1
5
3
-10
-11
-13
-9
-14
-7
-22
-32
-20
-15
-11
0
1
-4
-6
-12
-10
-13
-13
-6
-15
-16
-7
1
-1
7
6
7
7
8
15
11
14
10
2
5
5
21
10
4
19
22
33
36
35
34
43
42
52
42
49
44
31
27
17
35
40
41
36
30
21
15
17
23
15
12
6
-4
-2
-17
-23
-27
-21
-24
-26
-23
-18
-23
-23
-19
-21
-17
-23
-8
-3
-5
10
0
-3
3
2
-2
-17
-14
-11
-17
-28
-36
-32
-36
-26
-25
-24
-37
-35
-27
-30
-21
-34
-22
-40
-38
-31
-27
-29
-13
-13
-12
-13
-12
-5
-10
-22
-28
-22
-28
-20
-21
-6
6
2
10
17
5
13
19
21
23
16
20
9
4
6
-3
11
8
31
27
15
31
21
11
12
18
24
27
36
33
23
18
22
20
7
5
8
4
8
13
16
23
28
31
20
22
9
11
7
-3
-9
-19
-18
-6
1
2
7
11
3
-10
-6
-10
-9
-7
-10
-8
-19
-15
-12
-20
-12
-20
10
-1
4
6
12
11
2
7
-4
-1
-9
0
-10
-1
-4
-2
0
0
-4
-12
-7
-12
-14
-18
-28
-23
-25
-27
-17
-11
-11
-5
-2
-1
4
-8
-6
-9
-16
-6
-5
-16
-14
-11
-10
-2
10
16
15
16
12
12
18
13
13
18
16
21
16
18
29
16
25
26
36
45
33
31
20
22
23
19
19
15
21
31
22
28
36
28
26
19
12
-3
0
-3
-12
-8
-7
-11
-19
-15
-7
-10
-17
-13
-16
-12
-18
-26
-20
-7
-18
-22
-19
-29
-30
-33
-37
-32
-34
-38
-37
-43
-45
-49
-47
-44
-48
-41
-54
-54
-31
-16
-1
2
1
-15
-25
-10
-20
-11
-3
4
14
16
22
16
15
12
11
13
23
-4
10
4
-2
1
3
11
25
30
16
23
22
17
25
36
22
20
31
15
8
15
20
21
36
37
42
49
35
38
38
35
32
31
25
24
17
32
29
33
46
19
24
32
12
6
0
7
1
-1
4
3
-3
-2
-6
-5
0
-13
-2
-17
-19
-9
-7
-24
-24
-20
-24
-22
-24
-30
-23
-34
-45
-45
-35
-26
-25
-25
-22
-5
-14
-25
-30
-40
-36
-38
-37
-32
-26
-3
-1
0
6
-13
-22
-34
-24
-34
-49
-46
-37
-23
-23
-1
-1
2
12
10
21
25
15
4
8
1
10
7
-4
9
-3
6
14
11
13
19
25
24
11
12
17
10
23
4
-8
-10
2
11
11
20
36
38
42
31
27
39
35
40
49
29
16
19
13
-4
-3
3
2
13
21
0
-4
0
-9
-16
-13
-24
-32
-18
-15
-4
-7
7
-14
-11
-7
-20
-17
-24
-23
-29
-23
-42
-43
-31
-24
-26
-19
-6
2
18
6
-1
-14
-1
-1
-9
2
-4
4
1
9
-1
3
3
4
20
18
25
14
23
28
14
8
14
8
19
28
20
25
21
20
20
12
13
28
28
15
25
29
8
5
11
5
8
11
13
-2
7
18
15
26
11
9
13
15
-2
-6
2
-2
-6
-7
-9
-2
4
-1
0
-5
0
-8
-9
-7
-6
-9
-19
-24
-21
-30
-33
-37
-48
-42
-38
-37
-37
-27
-38
-25
-39
-30
-24
-31
-33
-35
-28
-35
-15
-22
-10
-16
-11
-2
-19
-16
-23
-20
-22
-16
-9
-8
-1
-7
3
-3
-2
11
11
3
9
-5
-4
20
12
8
19
26
24
21
25
20
7
22
16
4
8
11
30
35
34
37
34
42
36
23
23
32
13
6
11
7
9
7
7
7
7
10
7
17
11
-16
2
5
-3
3
-8
2
-3
17
19
18
24
25
30
16
24
0
0
6
-4
-6
-6
4
-2
17
19
19
24
16
-2
-13
-11
-9
-15
-17
-14
-12
-8
-15
-30
-23
-21
-31
-29
-21
-27
-30
-38
-40
-32
-31
-37
-25
-7
0
-13
-9
-6
-11
-10
2
-6
0
3
1
19
5
20
13
21
20
13
15
13
5
8
3
0
5
-4
8
5
15
14
14
11
0
-5
7
6
-4
1
-4
-12
-2
4
-3
13
17
16
26
10
14
5
8
3
-20
-19
-24
-5
-16
-29
-17
-24
-22
-16
-8
4
5
-2
-4
9
-4
-5
-3
-2
-1
5
1
13
12
-3
5
-1
1
-16
-19
-13
-20
-11
-6
-4
12
14
1
10
7
13
10
6
7
-4
7
6
11
10
0
-1
-8
-2
-3
-11
1
5
-6
-9
-14
-7
-1
-6
-11
-18
-17
-14
-18
-15
7
13
23
20
21
26
12
12
3
0
-4
4
1
18
15
18
14
16
20
14
10
8
2
-17
-9
-21
-24
-9
-4
2
2
8
-9
5
14
2
8
2
6
-4
6
0
0
6
26
24
27
22
18
17
2
3
6
13
7
7
-5
-4
-6
-22
-27
-29
-31
-27
-19
-17
-14
-12
0
-8
-4
-7
-18
-25
-16
-18
-22
-8
-9
-3
4
5
7
-6
-5
-10
-19
-22
-32
-35
-38
-33
-39
-36
-33
-23
-24
-31
-22
-26
-13
-9
-2
1
12
11
5
22
23
22
29
25
23
25
17
16
11
23
16
21
14
7
11
8
15
17
30
23
23
29
30
25
34
40
29
35
39
23
27
17
14
16
19
35
18
19
12
27
20
7
17
15
25
22
12
7
-9
-18
-10
-3
-7
-8
1
-5
-14
-16
-14
-17
-25
-38
-29
-26
-32
-28
-19
-22
-29
-22
-26
-18
-23
-25
-25
-19
-16
-16
-18
-23
-21
-6
-3
-1
4
7
-8
-6
-2
5
0
-1
11
-1
-3
-2
9
0
11
12
13
3
7
2
-7
-16
-13
-6
-13
-14
-1
-12
-27
-12
-22
-2
-1
6
6
3
12
11
6
9
8
10
8
9
22
6
7
20
14
6
10
11
6
3
4
7
-3
-20
-24
-29
-19
-9
0
-10
-16
-8
-5
-5
-4
3
-2
2
-2
9
10
3
5
0
3
13
17
25
19
21
18
19
18
5
-14
-19
-13
-3
-4
5
2
-7
4
4
9
-13
-6
-6
-11
-1
7
0
7
6
-3
11
13
8
11
5
0
-7
-9
-6
-13
-6
-8
2
18
9
13
9
-4
-2
2
10
-1
0
12
14
8
12
6
11
23
10
13
18
11
-2
-6
8
8
8
16
25
27
24
4
6
9
0
-15
-24
-14
-10
-18
-14
-8
3
-6
-10
-4
0
3
-7
-5
-9
5
-4
-6
-18
-10
-14
-27
-31
-27
-22
-40
-42
-47
-47
-36
-46
-40
-20
-25
-20
-22
-21
-13
-15
-17
-3
2
1
4
12
13
16
22
15
16
26
10
4
-16
-20
-8
-15
-2
1
2
-3
-1
-9
-10
7
3
19
14
6
7
-2
-5
6
10
9
11
17
29
32
39
44
44
39
50
50
42
34
30
35
28
14
6
19
21
23
27
21
30
20
2
4
-9
-9
-21
-25
-14
-20
-24
-8
0
-6
-7
-26
-20
-13
-22
-21
-17
-13
-27
-25
-9
-20
-17
-3
6
18
15
-3
7
8
-7
-4
-5
-3
13
25
28
18
6
10
13
6
13
11
-6
-15
-17
-15
-25
-20
-12
-19
-14
-24
-34
-28
-18
-11
-6
-4
-14
-15
-24
-9
-9
-10
4
-4
-10
-8
3
-2
3
8
18
11
-3
9
-3
-4
-16
-12
-6
-10
-4
1
-4
-8
-21
-20
-29
-28
-23
-17
-4
-4
1
7
12
18
14
-2
14
16
11
15
7
11
15
28
20
8
3
17
10
10
19
24
11
4
-3
-2
5
4
5
8
16
6
8
11
11
21
10
1
6
-7
-7
-6
-7
-7
-8
-2
-13
-10
0
-2
-3
-7
-1
1
3
8
17
14
7
13
7
10
15
2
2
-9
-16
-10
6
6
19
16
12
26
20
25
2
9
17
21
15
3
0
-6
-3
-18
-8
2
-10
-22
-17
-1
-22
-23
-6
6
-8
-15
-34
-32
-18
-18
-4
-2
2
5
-1
2
21
12
6
6
9
9
3
8
-8
-11
-6
-13
-18
-23
-12
-4
3
10
23
14
15
0
-3
-4
-8
-11
-13
-4
2
0
0
11
6
1
-4
0
10
-6
-10
-2
-18
-18
-8
-11
6
9
14
27
19
21
6
6
-1
-1
-9
-10
-14
-8
-3
-16
-3
-8
-14
-16
-16
-22
-15
-23
-22
-27
-31
-28
-32
-36
-23
-13
-1
24
20
16
16
15
14
14
17
23
11
10
-2
5
-6
-8
-10
-4
11
11
22
24
23
9
17
-2
0
-5
-2
-4
24
21
4
18
23
18
11
16
7
-2
-1
-13
-18
-28
-29
-2
8
16
8
14
15
18
12
-5
-16
-12
-9
-17
-19
-17
-13
-13
-2
4
18
22
27
20
6
-2
-9
-19
-25
-31
-35
-25
-25
-11
8
26
22
23
16
17
16
0
-4
-11
-15
-10
-17
-11
-8
-2
15
18
18
20
22
23
15
-1
-1
-2
-9
-13
-2
8
5
4
12
9
4
-4
-8
2
-15
-20
-6
13
26
18
4
5
-2
4
11
10
13
7
0
-7
2
-14
-8
9
20
31
28
33
8
17
-4
-5
-20
-41
-29
-39
-41
-34
-28
-15
-16
-26
-7
-10
-7
-13
-16
-17
-9
-17
-9
-14
-13
-18
-25
-14
-19
-16
-8
11
14
22
24
17
18
12
-1
-6
-6
3
-7
-1
2
4
19
33
42
34
28
25
22
10
9
-3
-22
-25
-31
-23
-10
-7
6
11
23
23
21
21
9
6
-5
-23
-28
-29
-23
-18
-8
0
28
39
36
30
29
34
18
20
18
5
-16
-6
-6
1
13
-2
18
35
28
34
20
6
5
5
-9
-17
-10
-4
-1
1
15
1
-2
17
11
1
0
1
0
-5
-24
-21
-25
-12
-9
-18
-3
-6
-18
-28
-17
-4
0
3
-9
-4
-22
-25
-10
-15
-8
13
9
3
6
6
-1
-12
-30
-33
-36
-36
-19
-11
-1
3
2
-1
7
-2
-1
-12
-15
-18
-24
-29
-24
-30
-17
-16
-14
0
9
27
34
30
27
22
11
8
2
3
3
2
14
22
24
17
24
35
38
33
23
26
11
7
7
0
-2
-16
-24
-29
-23
-15
-8
-6
8
0
0
-14
-14
-6
-14
-7
-11
-5
-6
-9
-19
-24
-11
-1
15
12
3
15
11
7
9
5
6
2
11
15
8
15
8
11
7
-5
-1
-3
-10
3
-4
-5
3
-12
-8
-1
-6
-7
-8
9
12
-8
3
11
12
25
35
40
31
42
23
31
33
19
9
8
3
-20
-13
-16
-14
-8
-6
1
-5
-1
-17
-18
-24
-37
-26
-32
-25
-21
-18
-9
7
7
8
18
11
-2
-4
0
-16
-20
-27
-29
-23
-9
-8
-20
-7
11
8
9
14
8
-7
-5
-2
-18
-15
-19
-14
-21
-10
-14
-6
5
10
24
29
24
18
5
-8
-25
-34
-29
-48
-35
-20
-9
4
19
25
38
29
24
12
-2
-1
-21
-10
-7
-4
2
5
-3
0
11
17
12
24
27
17
22
17
19
13
7
-7
-8
-3
1
5
11
19
9
28
2
15
4
-5
7
-8
1
7
5
6
19
18
19
8
4
-4
11
8
-5
-13
-4
-11
-28
-15
-19
-14
-7
-2
12
6
9
14
-5
1
4
1
-1
-2
-4
-6
-13
-16
-8
5
11
5
10
14
5
5
8
8
1
-8
-13
-3
2
1
7
12
7
3
-1
-7
-8
-2
-19
-16
-10
-14
-28
-15
-7
-12
-3
-14
-12
-20
-16
-26
-22
-13
-29
-9
4
10
9
4
4
8
18
13
9
15
-1
0
-1
-6
0
-5
10
17
25
28
19
14
17
19
14
7
9
11
8
-6
-6
14
-11
-23
-16
-11
-6
-13
-20
-10
-5
-9
-11
-10
-8
-26
-19
-16
-17
-16
-10
-5
-4
11
0
2
12
17
17
17
16
4
9
-5
-2
7
27
23
20
8
12
3
6
6
17
20
13
19
9
12
-3
16
11
19
19
-5
-8
-6
-6
-16
-20
-14
-6
-5
7
5
16
2
4
4
-8
-22
-18
-19
-29
-26
-22
-6
-4
9
-2
-1
-2
-3
7
2
5
3
5
16
11
7
2
3
-2
-2
5
-8
-15
-25
-29
-19
-20
-14
-26
-20
-24
-30
-15
-14
-6
-7
-4
-1
-11
-6
0
4
25
33
36
32
32
26
29
20
35
17
-4
6
-1
-11
-10
8
2
4
-3
-10
-9
-27
-19
-16
-9
-4
-3
-10
-4
-5
-4
5
8
13
5
6
-2
3
1
-8
-2
7
3
10
12
15
3
10
10
-4
-2
1
-5
-2
4
4
15
6
3
10
-1
5
-1
-4
-10
-16
-18
-19
-12
-18
-16
-13
-18
-24
-22
-14
10
2
4
11
8
11
13
5
-13
-9
-12
-3
-4
-2
-9
12
21
24
20
11
11
3
10
5
8
9
2
4
4
9
8
11
19
13
20
17
16
2
-7
-6
-18
-17
-4
2
1
8
19
11
17
16
7
0
-5
-24
-15
-15
-21
-4
-21
-11
-2
7
5
-8
-7
0
-2
-2
-1
-14
-9
-13
-12
-3
6
2
4
15
14
9
11
3
3
11
1
-1
-8
0
-5
-9
-17
-30
-21
-15
-14
-18
-16
-19
-21
-22
-14
1
-8
-17
-24
-28
-28
-21
-8
8
12
14
23
32
35
25
25
22
24
22
14
17
12
18
17
21
18
11
3
-3
-4
-8
-7
-5
-12
-16
-10
-2
-8
5
11
6
8
-5
1
3
0
10
16
11
8
-2
-1
6
8
19
20
30
25
13
-5
-10
-13
-24
-18
-8
-3
-6
-1
0
2
3
-7
-11
-13
-14
-7
-9
0
6
-1
7
9
6
9
5
0
15
7
11
3
6
10
2
2
11
8
8
2
-11
-9
-14
-18
-18
-21
-21
-8
-11
-5
10
13
6
19
12
13
7
-24
-26
-25
-21
-21
-21
-3
-2
1
2
0
-6
-14
-5
-1
1
-5
1
-3
6
-1
-2
3
-5
3
5
14
16
13
16
19
6
0
2
-14
-29
-23
-18
-19
-15
-9
4
16
9
11
13
18
20
8
2
-5
-18
-16
-10
0
-6
-8
1
6
9
-2
1
-3
-16
-20
-27
-25
-26
-21
-29
-29
-18
-18
-6
8
10
3
2
1
1
3
12
13
16
28
18
12
27
23
30
23
8
12
5
12
6
5
14
6
5
4
4
3
-2
0
8
0
-1
8
3
10
15
19
19
7
11
-5
-8
-7
-15
-19
-27
-23
-19
-20
-12
-11
-17
-15
-24
-12
-4
-1
4
5
2
-1
2
-4
11
15
15
15
19
22
14
16
16
9
16
5
5
4
8
9
13
18
3
-10
-17
-21
-17
-16
-16
-13
-9
-2
11
22
13
19
23
8
8
15
3
-2
2
0
0
1
-1
7
18
19
22
11
6
-2
-5
-11
-12
-13
-11
-4
-13
-6
0
-7
0
5
-11
-23
-15
-16
-17
-6
-9
-2
-8
-14
-12
-13
-16
-18
-26
-30
-18
-12
-12
-9
-3
-11
-16
-17
-6
-9
-6
-11
-14
-4
-1
-3
-19
-7
-5
-1
8
12
27
25
17
23
5
5
-5
-4
7
7
18
20
21
24
23
18
10
18
21
16
24
17
15
11
4
7
8
-2
1
9
2
3
-1
-5
-1
-1
-7
5
-1
-9
-13
-9
-11
-7
-8
-12
-12
-10
-3
2
9
12
19
24
19
14
26
5
7
17
8
8
6
-9
-12
-6
-7
-25
-17
-15
-8
-7
-16
-4
2
1
-6
-5
-11
-17
-19
-13
3
9
5
3
4
-8
2
9
-9
-17
-12
-18
-16
-7
-10
-1
-11
-1
-6
6
-1
-1
19
3
6
7
9
12
9
9
9
7
1
0
2
-4
-1
-2
-9
-5
-13
-18
-11
-5
-1
-4
-3
-3
1
6
17
15
18
12
1
9
5
7
12
20
11
-5
-7
-1
-9
2
-2
-4
-5
-13
-1
-6
-8
-4
-1
4
8
5
5
3
4
3
2
6
6
16
7
4
-3
-12
-10
-29
-27
-20
-28
-15
-16
-5
-2
-15
-5
-2
-13
-27
-27
-15
-12
-10
-3
4
1
0
-4
-15
-14
-9
3
5
4
6
3
12
-5
-5
11
20
24
27
33
28
22
12
7
7
11
8
4
5
15
14
21
27
21
12
7
12
5
2
10
6
-4
9
7
-2
7
2
12
9
17
24
15
8
10
8
-3
-1
-3
-11
-6
-10
-11
-9
-8
-13
-4
6
3
-3
-5
-7
-23
-23
-23
-25
-18
-16
-3
11
12
18
12
3
-3
-3
3
3
-4
-18
-16
-7
-17
-13
10
-2
-6
-7
-10
-11
-7
0
-16
-17
-23
-34
-30
-35
-19
-13
0
2
10
15
6
10
7
0
1
9
-1
1
-12
-12
0
1
12
9
14
21
16
0
9
-12
-24
-29
-27
-18
-9
-13
-17
2
2
12
11
16
5
-3
-8
-15
-9
0
-5
4
2
10
9
8
15
19
20
11
14
0
-9
-2
7
9
18
9
6
16
19
11
13
9
9
8
2
14
11
16
13
17
8
-2
11
5
8
2
10
2
-5
10
5
2
7
5
5
0
-4
4
7
3
3
4
4
11
9
-8
-6
-8
-13
-15
-18
-4
7
-1
5
15
1
2
4
-13
-5
-14
-20
-11
-15
-6
-9
-6
8
3
4
-1
5
2
-3
1
-8
1
-1
-11
-12
-1
2
-1
4
9
2
-4
4
11
5
2
-6
5
5
11
3
-4
5
5
-15
-22
-25
-28
-8
-15
-22
-14
-19
-26
-27
-19
-9
-18
-12
-4
13
3
8
0
-4
-1
1
6
16
12
8
24
9
15
9
0
1
9
2
10
4
1
-3
-5
-6
-5
9
14
18
24
17
8
-3
-19
-12
-13
-11
-12
-4
-9
-12
-11
-1
-2
-12
-6
-13
-7
-6
-10
-2
2
-7
7
-5
-4
5
0
9
7
16
6
4
7
3
4
9
1
3
5
-8
-11
-8
-6
-6
-9
-6
4
6
0
-6
-12
-1
-20
-11
1
-3
0
9
1
8
20
26
34
42
43
37
32
40
30
19
23
6
7
3
15
11
8
5
-4
-9
-13
-28
-26
-18
-10
-20
-15
-10
-10
-4
-3
1
5
15
6
-2
6
-8
-14
-16
-12
-23
-22
-11
-17
-12
-11
-3
-15
-4
1
-8
-12
-19
-20
-31
-24
-20
-21
-12
-8
-15
-13
-5
3
1
0
11
15
15
24
7
-1
2
0
7
19
10
14
26
30
23
6
17
18
18
15
11
8
-1
2
-3
3
18
20
13
24
19
10
-4
-11
-11
-26
-23
-22
-18
-13
-3
-4
-3
4
10
2
11
10
-2
-7
-18
-14
-18
-26
-21
-9
-2
8
8
11
20
22
12
-8
-15
-19
-19
-18
-15
-16
-14
1
11
12
16
2
7
4
1
0
-4
-17
-15
-5
0
7
11
5
5
12
13
12
8
11
7
1
-2
8
5
2
1
7
10
20
7
-5
0
-8
-16
-23
-19
-17
-14
-21
-12
-10
-5
8
-2
-6
2
7
1
10
5
9
15
12
15
6
16
14
20
23
18
12
-5
8
8
7
17
0
-3
-1
-11
5
5
15
25
22
18
12
4
-10
-17
-12
-10
-18
-11
5
7
5
-2
0
-10
-14
-15
-25
-23
-25
-30
-35
-34
-36
-33
-37
-31
-25
-16
-18
-20
-25
-16
2
-5
-5
-7
-15
-11
-2
-8
-5
10
11
-2
-1
1
4
7
20
14
14
13
9
1
-8
4
-6
6
2
4
22
27
31
31
36
32
27
29
29
28
28
14
14
15
10
18
11
5
13
20
24
26
26
28
25
20
26
32
25
3
-5
-16
-7
-2
6
10
16
21
4
2
1
-1
-17
-23
-15
-24
-26
-18
-22
-28
-38
-30
-26
-33
-36
-30
-20
-15
-24
-13
-15
-11
-11
-23
-5
-2
-6
2
1
3
4
-11
-2
6
-1
1
-7
-4
-9
3
15
14
6
11
15
-1
-5
-11
-6
-11
-15
-7
-16
-11
-8
