5
2
-7
-3
-9
-3
2
7
10
2
-1
-5
-7
-7
-5
-9
-7
-1
6
7
14
18
18
21
28
28
35
37
26
26
23
12
0
-8
-7
9
16
14
23
16
9
10
1
0
-7
4
-6
-6
-3
2
-8
-6
-4
-27
-22
-13
-13
-22
-19
-12
-19
-23
-16
-12
1
2
7
18
9
11
3
-2
7
7
15
14
7
18
13
3
-9
-12
-6
-3
-9
-8
-6
-8
-14
-10
-22
-25
-16
-16
-16
-12
-10
-9
0
-3
-2
-3
-1
-9
-5
7
9
6
7
9
0
-9
-5
1
5
-1
3
5
-1
7
6
-3
-1
9
5
-5
-7
-8
-5
-4
-11
-1
-5
-2
-10
-10
-6
-4
-4
-9
5
13
4
5
-7
4
-2
2
18
19
20
17
14
9
4
8
5
-8
-8
-2
1
-5
3
6
-4
-3
-1
4
4
2
12
-2
-1
4
-4
3
1
-3
-7
-1
5
-4
-7
-2
-5
-7
9
17
9
4
14
18
14
7
12
7
5
11
13
12
18
16
5
16
14
14
11
10
7
5
2
2
1
-2
-1
-7
0
-4
-10
-14
-18
-17
-12
-8
-18
-11
-17
-14
-5
-10
-31
-25
-19
-20
-16
-15
-7
-9
-5
-8
-12
-3
-1
-7
-7
3
-2
0
-2
-10
1
3
2
-6
-11
-9
-2
-2
-4
1
12
4
5
2
-2
-8
-7
-4
-8
-9
-12
-5
-13
-6
-12
-17
-15
-13
-15
0
0
8
-2
-5
-5
-9
0
4
12
6
11
17
15
26
29
25
36
23
23
26
15
18
17
8
5
10
15
17
15
9
3
4
2
1
3
-7
0
6
4
3
2
5
4
2
-8
-4
-10
-9
-10
-19
-11
-7
4
5
1
-10
-9
-17
-13
-7
-12
0
-6
9
9
8
5
11
24
16
19
11
14
8
-12
1
-5
-1
-1
-5
-7
-2
0
-3
2
-12
-16
-15
-17
-11
-6
-3
-10
-10
-7
-6
-2
0
-1
3
10
1
8
3
8
10
15
17
16
21
15
13
9
12
10
15
6
-8
-4
-9
-18
-24
-26
-23
-18
-22
-22
-26
-27
-10
-10
-7
-13
-5
-4
-2
-3
-3
-6
-9
0
1
-3
1
2
-9
-4
-9
-14
-15
-13
0
8
2
-1
-8
-2
-4
7
7
4
13
10
15
8
14
13
19
23
18
13
17
13
12
-3
3
-6
-6
-9
-1
-3
-6
8
7
-1
-3
2
1
5
9
10
13
10
4
11
15
18
6
7
6
7
2
-5
0
8
11
1
2
0
-2
0
4
3
2
-1
1
8
7
1
-3
-7
-5
-4
2
-13
-11
-6
-5
-1
0
11
12
16
7
-2
-10
-9
-3
4
12
15
9
7
4
-11
-6
-4
5
-4
-9
-9
-11
-17
-19
-16
-16
-12
-19
1
-7
-6
8
-3
3
-10
-6
-11
-9
-9
-7
-8
-3
-2
-8
7
8
-2
-12
-13
-9
-5
-3
-2
-7
-15
-17
-10
-4
-11
-8
-5
-11
-16
-11
-8
-13
-14
-2
1
0
20
15
13
12
19
14
10
14
11
14
2
5
1
-6
-7
2
10
3
6
6
1
2
2
6
10
6
4
5
4
-7
-6
2
4
1
3
1
-9
-8
-9
-6
-1
-6
-15
-12
-14
-5
3
3
9
5
5
18
18
1
2
10
22
15
16
13
8
17
13
7
2
-2
11
9
14
23
11
20
23
14
17
17
21
12
1
-7
-10
-10
-14
-10
-13
-19
-20
-14
-14
-6
4
-3
3
4
-8
-1
3
6
4
7
2
3
3
5
1
-3
-7
-13
-19
-24
-28
-28
-25
-22
-17
-12
-14
-3
-11
-9
-14
-11
0
-14
-7
-5
-3
-6
-7
8
-1
4
19
17
0
-2
-12
-17
-15
-16
-3
-12
-12
-12
-16
-5
6
4
4
3
4
4
8
5
9
17
13
13
17
9
2
1
-3
1
3
5
5
2
-9
-6
-9
-13
-10
-7
0
7
14
13
10
12
12
-3
5
2
0
8
2
3
20
22
10
16
5
12
3
0
4
-12
-11
-10
6
8
7
14
15
13
14
7
1
1
11
5
11
9
5
2
7
17
8
8
8
14
-2
8
1
-2
3
-4
1
7
8
10
8
11
-1
-2
-5
-3
-1
0
-8
0
1
4
-2
-3
5
1
-3
-17
-15
-18
-17
-21
-18
-16
-9
-11
-10
-13
-12
-20
-20
-17
-32
-22
-14
-2
4
4
-1
-10
-4
1
-5
-11
-4
-1
-6
-9
-7
-3
7
8
15
25
23
22
19
8
6
-1
8
10
9
13
3
2
4
-3
2
1
-2
3
-4
0
-5
-5
4
1
-3
-5
-5
-1
7
-7
-12
-7
1
4
10
11
7
-3
5
-1
-8
-11
-22
-16
-17
-14
-9
-4
-3
1
6
-4
5
1
12
-5
-8
2
-7
-15
-17
-15
-14
-13
-13
-4
5
-3
-6
2
17
13
10
15
11
13
11
11
8
17
12
16
15
4
3
10
10
6
4
9
9
0
12
-3
0
5
0
3
-2
0
-8
-6
-5
-10
-5
-1
-2
-1
-10
-12
-4
-15
-15
-14
-8
-11
-17
-5
-1
-4
0
1
-4
4
14
5
9
0
2
9
4
12
5
16
12
-1
5
-4
-3
-5
-2
-8
3
4
-6
6
-1
-6
-7
3
13
11
7
17
21
14
7
4
2
3
11
15
14
10
8
5
2
3
3
-11
-5
9
4
7
2
-3
-2
-5
-19
-3
5
-14
-6
-11
-25
-23
-30
-28
-22
-18
-15
-14
-17
-7
-18
-19
-3
2
-6
-10
2
-6
-4
-5
3
-4
-7
-4
-2
4
-5
-4
-11
-4
-2
-4
4
-1
4
1
7
10
5
11
9
9
10
21
17
25
15
10
14
0
-6
-13
-13
-10
-4
1
-2
-8
-5
-2
6
4
-3
4
6
-5
11
4
6
6
9
2
0
-1
7
8
15
6
-1
5
3
7
4
12
6
6
15
11
11
7
11
19
12
13
16
22
15
14
12
-4
-15
-22
-21
-20
-23
-16
-9
-1
-5
11
13
6
12
5
17
17
18
17
1
7
4
-4
8
5
8
19
4
0
-18
-31
-33
-41
-50
-46
-44
-39
-33
-28
-28
-24
-20
-17
-16
-12
-6
-3
-1
-2
0
0
3
13
12
13
18
16
11
11
10
12
11
8
14
15
17
17
18
16
4
-2
7
10
9
9
-7
-1
-17
-14
-3
-15
-8
-1
-9
-8
-5
-4
-2
3
3
2
5
5
1
4
7
10
15
14
10
14
17
-2
2
1
-8
-1
-5
-11
-9
-10
-17
-7
-2
-1
-4
6
-1
0
10
3
10
10
2
11
7
3
8
5
8
0
1
-2
-5
2
4
1
0
-3
-4
-8
-12
-9
-16
-10
4
10
7
0
-4
0
-6
0
3
7
7
-3
-1
0
3
2
5
5
14
25
20
15
11
13
11
10
1
11
6
-1
-5
-8
-8
-12
0
-10
-14
-10
-16
-18
-10
-16
-13
-8
-5
-1
-3
10
-11
-4
5
-5
-11
-15
-7
-10
-5
-10
-15
-14
-13
-13
-7
-5
8
11
-2
4
-6
-2
-6
-8
-5
-9
-1
-1
-7
-4
-7
1
1
-2
-2
-11
-7
6
3
-4
3
5
-3
-13
-6
-8
-7
-9
-1
3
2
10
23
28
15
15
17
11
4
1
-1
5
6
2
8
2
1
0
-4
1
5
-1
0
4
1
-6
-8
-10
-13
-4
-2
4
9
7
5
14
6
6
12
6
21
9
10
11
1
-5
-10
0
1
3
7
13
10
7
6
-4
1
3
1
6
5
2
-5
2
5
0
9
3
3
12
11
12
2
5
6
6
-4
-7
-7
0
-4
-10
-3
-10
-6
-11
-1
-5
-4
-12
-23
-17
-22
-9
-8
-5
2
2
4
-7
-5
1
-1
1
-8
-4
7
5
2
13
15
6
9
-5
10
-1
-1
2
7
11
-1
13
-1
-2
-2
-2
-10
-8
-3
-5
0
-4
4
-4
1
-8
-14
1
-5
-6
-11
-4
-5
-11
-18
-17
-10
-15
-11
-20
-9
-22
-21
-21
-18
-9
-3
-7
-12
2
4
13
12
24
15
19
10
14
14
24
30
26
20
15
16
8
15
-1
7
9
3
8
2
-1
-7
-14
-11
-1
0
4
-1
0
5
-9
-2
2
14
17
2
5
4
1
-7
-3
1
1
2
1
6
0
0
4
7
8
5
10
12
13
1
7
-1
4
-5
-13
-10
-14
-7
2
10
2
2
-2
-4
-17
-11
-10
-2
-2
-5
0
-2
-10
-16
-17
-10
0
-9
4
6
-2
7
1
-2
3
1
4
6
4
-1
-8
-4
-3
2
7
12
15
11
13
10
4
1
-6
-8
-3
-10
-1
0
-1
-1
-7
-7
-4
-19
-21
-12
-18
-15
-6
-9
-5
6
3
8
-4
-2
-10
-8
-7
2
-1
-4
-1
-2
3
-6
-3
-5
-9
-4
3
-5
-6
-5
-1
4
6
-1
-8
-10
3
6
-2
-2
10
8
8
2
2
8
-2
3
7
3
5
3
3
1
-4
-2
1
2
10
16
23
13
9
6
-1
11
8
16
12
14
12
8
5
-3
-4
-3
4
-1
4
-5
-3
-6
-6
1
8
-16
-13
3
-6
-3
-10
-6
-4
-7
-8
-16
-13
-13
-5
4
4
1
6
3
0
4
6
11
10
16
5
9
12
14
9
11
23
15
19
16
8
5
-5
-16
-14
-12
-20
-15
-21
-1
-1
-4
-9
-7
-2
-9
1
-8
-10
-2
6
7
-4
-7
2
15
20
25
18
24
16
7
-1
-6
-9
-12
-17
-14
-17
-15
-10
-14
-10
-9
-19
-16
-15
-12
-3
0
7
4
13
10
11
6
-1
-2
-1
-2
6
4
1
9
5
0
-3
-7
-7
-5
2
1
-2
-5
-5
-11
-6
-9
-4
1
-6
-4
-17
-6
-7
8
5
12
13
11
11
-3
-2
-5
-3
-13
-1
-5
2
0
-1
-1
1
-3
-21
-21
-10
-6
-5
5
-3
-1
-9
-1
-3
3
7
7
8
3
-6
-6
7
15
21
23
17
3
3
0
5
-6
-10
-14
-6
2
1
4
13
15
12
12
14
3
11
13
11
-4
-1
16
13
20
21
24
14
9
11
5
5
3
5
6
14
14
2
9
6
3
-6
-8
-9
-8
-3
0
-8
-8
-10
-13
-21
-15
-21
-18
-6
-7
4
6
-2
-5
0
0
-4
-3
-8
-12
-11
1
6
1
6
7
5
-2
6
5
0
-7
-11
-13
-6
3
-2
3
3
-1
8
-2
-4
-8
-2
-11
-5
-15
-26
-10
-12
-10
-18
-5
-14
-14
-9
-18
-12
-12
-3
4
1
3
-1
-3
-9
-16
-11
0
-1
-2
4
10
14
15
14
8
10
3
3
3
-1
-9
-2
5
8
9
8
0
5
15
13
9
3
-4
3
14
7
8
13
8
4
6
4
-2
1
8
6
13
5
5
6
5
7
2
-8
-13
-11
-16
-6
6
8
7
4
0
4
-5
-9
-12
-6
-2
-3
2
9
5
12
13
20
14
7
7
-3
1
6
11
8
4
8
10
17
14
5
-1
-6
-7
-2
1
-10
-6
-8
-11
-6
-6
-5
-1
-3
2
5
-21
-15
-4
-10
-13
-19
-25
-19
-30
-26
-28
-25
-25
-10
-3
-14
-10
-4
-3
-20
-15
-10
-1
0
2
10
21
23
9
14
14
14
6
4
12
12
-4
-2
4
-1
-2
-1
-4
-4
0
0
-3
-7
1
-2
0
5
5
-8
-11
-9
-13
-12
-7
-9
-5
-1
-3
-5
-2
3
0
3
3
3
0
0
13
3
10
16
27
22
13
14
9
7
14
-1
-17
1
8
16
12
4
5
8
11
18
13
4
11
11
10
16
15
11
14
11
6
9
10
11
0
12
4
-10
-1
0
-1
-7
-5
-1
-11
-13
-10
-8
-7
-16
-5
-12
-4
8
10
14
5
7
-5
1
4
-3
0
6
-1
-6
2
2
6
1
-9
4
-1
-4
-7
-11
0
-4
7
3
3
1
2
1
0
4
-3
1
-1
-1
1
-16
-21
-13
-9
-21
-19
-16
-17
-11
-11
0
-9
-13
-9
-17
-10
-20
-11
-10
-11
-10
-2
-1
-7
0
-6
-8
-6
2
-7
-6
-5
2
11
10
13
11
8
0
15
21
7
2
-3
2
1
3
13
7
19
13
15
5
-4
4
2
9
8
5
1
3
-6
-5
6
3
6
2
-3
1
5
2
6
4
7
6
4
11
14
11
0
0
3
-7
-6
-9
-9
-7
-8
-6
-4
1
-2
5
4
-4
-4
-13
-12
-6
4
7
11
17
13
5
0
-2
-8
-14
-9
-1
2
0
-8
1
-4
-1
1
2
0
-1
0
-6
-10
-13
0
-1
2
9
11
12
2
-3
-10
-11
-9
-17
-14
-2
1
6
14
2
-3
-8
-11
-9
-13
-9
0
4
6
8
2
7
17
7
6
6
7
6
0
-5
-11
-3
-7
-8
-10
-6
-9
3
5
-2
-4
-5
-7
-4
-4
-1
6
-4
-4
-3
5
11
8
10
17
14
3
-5
-1
9
-2
4
8
12
8
3
0
6
17
2
-4
3
2
-6
6
2
1
-3
-4
-5
-13
-7
-13
-10
-12
-27
-29
-26
-14
-5
-13
-16
-3
-8
5
1
2
5
8
18
18
9
3
13
26
23
16
2
-5
2
-16
-9
0
-11
-7
-2
8
4
13
0
-9
7
-1
-1
-6
-2
5
12
8
9
20
16
19
23
18
13
5
12
13
14
8
0
-4
7
15
12
17
12
12
5
-11
0
-1
-6
2
-1
2
0
-2
-6
-3
0
-6
-5
-7
-13
-11
-6
-1
-1
-9
-16
-9
-6
-19
-10
-11
-14
-11
-8
-10
-7
-2
-3
4
9
12
1
6
-2
5
3
4
5
-1
-2
-5
-4
-6
-8
-16
-5
-16
-10
-1
-15
-11
-18
-9
-4
-3
-9
-17
-13
-10
-9
-11
-12
-9
-7
6
4
4
11
4
6
5
7
3
-5
3
10
21
11
6
8
8
3
2
3
-1
5
5
10
15
5
12
8
5
-6
-22
-14
-25
-15
-7
-3
-3
3
-3
-4
2
9
8
8
5
5
2
6
6
7
12
15
11
-7
-6
-7
-9
-16
-2
2
-5
-1
1
0
5
-6
-3
8
6
7
-9
-7
8
9
3
4
6
13
3
-6
5
6
-2
0
10
3
7
11
1
-8
-8
-7
-11
2
3
5
14
6
3
-4
3
-1
4
3
-1
3
1
6
5
10
12
6
7
10
9
9
6
1
-9
-2
2
-5
-3
4
-1
12
13
15
5
2
-1
-17
-9
-11
-13
-4
-15
-6
-16
-21
-11
-12
-1
-10
-18
-12
-20
-18
-12
-10
-20
-18
-14
-4
12
0
3
7
4
8
9
8
0
-1
-4
-2
-6
-8
-4
-7
-6
-13
-6
-6
0
10
8
10
-4
-4
-2
-6
1
-5
-7
-9
-7
-1
8
6
10
12
9
14
17
19
21
26
30
27
38
25
21
14
4
5
4
-4
-4
-3
-16
-8
-12
-18
-14
-16
-17
-14
-17
-18
-29
-24
-35
-26
-22
-23
-12
-6
1
-7
3
5
9
2
6
0
-2
1
0
1
6
6
7
5
19
17
23
26
14
19
16
16
18
13
2
6
8
2
16
23
4
13
8
6
3
0
0
1
2
-4
-2
-2
-6
-14
-13
5
9
23
13
7
2
-1
4
-2
-7
-6
-5
-8
-5
-10
-10
-4
3
5
1
-2
3
-11
-16
-14
-13
-13
-17
-11
-12
0
2
-8
-15
-12
0
-11
-9
-3
-3
-9
-21
-20
-18
-17
-14
-10
-2
-1
-11
0
-1
-4
-2
3
15
20
7
8
6
8
3
0
1
3
4
-2
7
5
20
23
11
6
0
-10
-4
7
-5
-14
-10
-15
-5
2
-3
-7
-7
-15
-12
-5
-12
-10
-22
-8
-8
1
3
9
13
7
23
14
17
18
24
36
37
33
16
22
20
14
14
4
7
5
4
5
3
0
-7
-9
-3
-2
-2
1
-20
-19
-7
-17
-9
2
-7
-1
-1
-5
-3
-7
-4
-8
-9
-4
-1
1
10
5
9
10
3
1
-2
3
11
13
18
9
10
10
7
10
2
8
0
1
3
-3
-3
-16
-13
-20
-12
-15
-13
-6
-5
1
-12
-8
-11
-6
4
-3
0
-4
-6
5
-4
-11
-9
-13
-13
-13
-13
-6
-6
-8
-2
10
11
12
14
16
12
7
14
13
20
9
12
13
-7
-5
-12
-6
-2
-8
-4
-10
-3
-6
-12
-21
-22
-13
-10
-12
-17
-7
-9
-8
0
0
5
8
11
10
-6
-4
-6
-4
-2
-1
0
-3
-2
-3
4
1
-1
2
-3
4
10
17
10
12
17
9
13
7
3
6
8
0
6
-3
-9
-7
-1
-5
-11
-11
-3
5
0
-6
3
5
4
4
8
7
-4
0
4
16
10
0
0
9
9
3
11
15
10
11
5
-2
4
2
-5
1
-15
-15
-10
-7
-10
-16
-1
-10
-2
6
-5
-2
0
-1
-4
0
-3
1
0
3
4
5
5
-4
-7
-1
2
4
5
7
7
-6
6
2
-9
-7
-13
-10
-10
-9
-12
-3
-1
2
-5
2
2
-3
2
6
-2
-7
-13
-11
0
-10
-9
1
-1
1
4
5
-8
-13
-6
-18
-15
-8
-1
1
3
11
17
12
9
13
2
-2
1
3
-2
-3
4
-1
-2
8
7
9
2
0
8
3
1
-3
2
5
0
5
7
0
-7
-4
-10
-6
0
-1
7
6
5
3
3
4
8
11
9
0
-2
0
1
6
8
11
18
20
7
9
21
20
13
14
14
12
13
6
-8
-20
-13
-18
-19
-23
-11
-10
-8
-2
-3
-3
-8
-1
-1
-7
-12
-3
1
3
2
14
14
14
24
22
25
15
8
9
13
2
1
4
0
3
3
3
-3
-3
-4
-4
1
2
-5
-6
3
4
7
8
3
-8
-12
-18
-23
-20
-10
-14
-13
-17
-26
-20
-19
-17
-16
-15
-18
-7
-2
-3
-7
-7
-8
-8
2
4
-1
-2
-7
0
5
2
7
0
0
-5
-9
-22
-24
-26
-18
-24
-24
-13
-11
-11
-15
-4
-1
4
3
12
12
5
4
5
17
24
17
10
18
20
16
10
9
16
22
19
13
15
17
16
9
12
13
15
10
4
2
-8
-8
-8
-3
-2
-8
-17
-11
-17
-10
-16
-17
-7
-10
-7
0
-8
-6
1
3
-2
-9
5
6
3
5
7
3
1
7
7
7
11
17
21
17
22
9
16
7
5
0
4
10
7
13
10
7
0
2
-5
-16
-8
-9
-8
-7
-2
-7
-2
4
2
2
3
8
3
-2
-11
-10
-5
2
7
16
17
10
8
11
7
4
5
6
1
-5
-3
0
-9
-5
0
-12
-8
-12
-13
-12
-15
-15
-19
-18
-12
-12
-10
-18
-8
-6
-7
-9
-2
3
-5
0
2
6
6
17
18
14
11
7
3
-4
-3
-3
-1
-6
-14
-11
-5
-4
-1
-1
-5
-12
-14
-20
-14
-16
-9
-15
-18
-12
-28
-17
-12
-12
-5
-12
-8
-3
1
15
11
6
10
17
19
23
17
15
19
14
9
23
17
15
18
30
25
26
26
14
9
6
11
8
8
6
7
-3
5
3
-6
-6
-12
-9
-20
-16
-12
-19
-7
-6
-5
1
-9
-11
-8
-4
-2
5
12
10
10
5
-1
9
11
10
9
15
19
14
11
6
7
5
-3
-5
-3
-17
-16
-10
-17
-10
-5
-10
-8
-5
-9
-10
-14
-9
-8
-13
-2
0
7
-6
-1
-9
8
11
9
17
7
8
6
11
14
9
9
12
3
6
0
-3
-1
0
2
-8
0
-7
-8
0
-9
-7
-4
-9
-11
-4
-11
-16
-20
-20
-18
-20
-8
-8
-6
-6
-4
-4
-6
-15
-14
-13
-14
-5
-5
7
8
11
4
8
7
11
16
15
17
5
0
-3
1
1
0
8
6
6
7
6
-7
-7
-2
-2
-2
-1
-6
-2
-11
-8
-1
-10
-13
-12
-4
-13
4
11
7
5
6
-5
3
5
5
3
11
13
2
9
1
-2
1
9
29
27
27
28
10
13
6
11
5
13
22
14
17
6
10
10
12
11
8
14
-1
-4
-12
-12
-12
-19
-14
-8
-21
-14
-10
-16
-1
-5
1
-5
4
13
4
11
17
6
4
12
-2
0
-7
-4
-9
-13
-11
-9
-14
-16
-15
-18
-2
-6
-4
-11
-10
-8
-10
-11
-5
-4
-8
0
7
-2
-14
0
4
10
2
-8
2
-2
-3
-3
0
-8
-6
-1
9
17
18
12
9
11
10
3
-5
-6
-5
-10
-18
-11
-5
-7
-4
-1
2
1
-6
-8
-8
-10
-9
-15
-16
-10
-1
4
6
12
10
6
3
2
-2
-5
-2
3
7
8
6
5
2
5
0
3
5
11
3
4
-10
-15
-8
-5
3
5
11
4
10
8
4
0
-4
-3
2
0
-3
-2
-9
-6
-8
-7
-4
-8
-2
-6
-14
-5
-9
-2
-2
-5
7
14
16
14
10
9
6
-2
-1
-7
-2
5
6
14
17
10
12
13
7
17
14
9
2
-8
-4
6
7
12
3
-4
-6
-7
1
6
11
6
7
10
5
1
3
6
-2
-3
2
1
7
4
4
2
-1
2
0
2
-11
-12
-17
-13
-11
-1
4
4
19
8
13
-2
2
-3
-3
-7
-7
-6
-11
-21
-19
-18
-16
-8
0
-1
-4
0
1
-10
-12
-5
-14
-12
-8
0
0
3
11
20
10
11
14
-7
-8
-7
-6
-5
-11
-12
-15
-8
-10
-12
-12
-14
-16
-7
-14
-19
-12
-10
-7
0
2
0
11
11
21
23
12
11
9
-4
1
10
5
21
21
13
16
19
10
11
12
5
1
2
14
-2
7
13
5
11
14
8
0
7
11
6
8
15
0
5
2
0
-3
-12
-12
-14
-6
-5
5
5
-8
-10
-9
-11
-8
-9
-10
2
16
15
12
11
9
8
-8
-10
2
-8
2
6
5
8
0
-5
-5
-5
-9
-15
-19
-29
-27
-15
-18
-14
-10
-11
1
-9
-5
-1
3
5
4
6
7
-3
-4
-7
-10
10
14
14
24
13
14
13
12
11
11
9
6
7
3
1
-4
-6
-5
-6
-10
-14
-14
-12
-21
-12
-18
-19
-12
-13
-16
-14
-16
-16
-21
-5
8
2
17
10
16
4
-1
2
-3
0
-7
-5
-9
3
4
10
14
18
11
10
12
3
3
2
-2
2
11
15
11
-1
-14
-15
-5
-4
-9
-6
-12
-16
-16
-14
-16
-7
-3
4
11
6
10
8
10
6
10
8
0
9
5
13
5
4
7
13
10
15
20
10
17
-6
-7
-1
-14
-8
-2
-7
3
-2
6
4
-2
-6
-5
-3
-1
1
5
4
-3
-2
-12
-20
-20
-18
-16
-12
-16
-8
0
1
4
-4
8
6
0
3
-5
-4
-1
-6
-4
6
8
16
16
12
22
24
14
19
19
-3
7
10
4
2
1
12
9
7
-4
4
-4
0
-5
-4
5
4
7
-2
6
0
1
-1
10
9
7
-4
-7
5
-4
-5
6
11
4
6
5
5
1
-3
-13
-9
-4
-4
12
7
-2
-1
-5
-5
0
4
1
6
8
-5
-2
-12
-22
-17
-14
-15
-19
-12
-10
-16
-15
-7
-7
-2
-1
-7
2
10
9
13
4
2
7
4
-5
-4
0
-6
-5
3
-1
-6
-2
-4
-4
-6
-14
-12
-14
-13
-14
-11
-8
-15
-13
-11
-14
-5
-7
0
4
-1
0
-2
5
3
5
10
13
5
-3
1
4
6
21
14
13
18
14
16
15
19
17
20
19
14
9
4
6
11
9
9
1
2
0
2
9
5
6
11
10
6
4
1
-10
-12
-12
-11
-8
-3
10
5
1
-3
-2
-2
0
-3
4
0
3
-6
-4
-6
-8
-10
-19
-13
-5
-2
-8
-2
-8
-15
-15
-19
-16
-6
-3
3
6
-2
-9
-13
-7
-13
-16
-8
6
0
3
9
-1
-7
-2
-5
-3
-5
-3
-8
-11
-6
-2
0
3
5
7
13
13
16
16
12
3
12
4
6
-5
0
4
-5
4
0
-6
-1
-3
-5
-8
-11
-13
-13
-12
-8
-5
-12
-12
-12
-16
-11
-15
-4
-6
0
-3
1
12
16
16
11
20
8
4
4
4
1
7
6
3
7
1
3
-2
-6
-4
1
-7
-3
-2
4
-6
-2
0
-2
7
10
14
13
14
14
15
17
20
25
23
28
24
29
39
40
36
26
23
20
16
6
10
-2
-8
-5
-2
-7
2
1
-5
-3
-13
-28
-24
-28
-25
-20
-21
-23
-27
-31
-23
-14
-12
-11
-6
-10
-14
-5
3
6
-2
11
7
7
4
2
0
-12
-11
-11
-7
-6
-15
-4
-1
-2
-8
-4
-9
-19
-13
-14
-10
-15
-22
-19
-7
-1
4
1
6
-4
-5
-5
-13
-8
-6
-10
-14
-4
17
12
15
28
17
20
7
3
7
11
10
5
15
3
2
-4
-5
3
0
5
3
-3
-6
-9
-13
-8
0
-2
-3
-1
-10
3
-2
6
1
-6
-2
4
8
-4
0
5
8
10
16
14
17
14
23
19
8
3
-1
1
-7
-3
-7
-2
-2
4
-2
6
9
13
9
-6
7
5
14
12
14
11
6
6
1
-3
-12
-8
-8
-3
3
7
11
12
-5
0
-1
-3
5
-1
-1
-1
-4
0
3
7
10
11
6
8
9
7
15
-2
8
-4
-6
-1
-11
-10
-15
-14
-17
-21
-16
-15
-10
-10
-11
-23
-17
-4
-9
2
-12
-13
-7
-7
-4
-3
-13
-16
-10
-15
-6
-9
-10
-4
4
3
3
9
1
9
14
4
4
23
18
6
10
3
2
3
1
4
0
1
0
-5
-14
-11
-13
-11
-15
-18
-20
-13
1
-2
-1
4
10
-2
1
3
1
2
5
6
1
2
9
4
0
5
6
6
12
28
30
27
20
21
9
8
-2
2
-1
7
10
5
14
6
12
7
13
9
5
-1
4
10
1
4
3
-10
-7
-12
-19
-23
-19
-15
-8
-3
-15
-17
-9
-2
2
-3
-3
-7
-5
5
-5
0
6
-1
7
14
5
0
-1
-6
-2
0
9
-1
-1
6
-4
-15
-1
-6
-7
-3
-7
-3
5
8
1
5
6
19
10
11
7
6
11
-5
-4
7
0
1
4
8
6
2
7
2
2
-2
-3
7
6
1
3
7
8
4
1
-2
5
0
-8
-6
-1
3
-8
-9
-4
0
1
-5
2
-3
3
7
-9
-5
-13
-4
4
-1
0
-3
-9
-19
-22
-20
-16
-8
-13
-14
-11
-16
-24
-27
-25
-19
-18
-13
-9
-6
-1
2
0
-9
-4
-3
-7
-7
-4
-11
-11
-1
14
14
15
10
21
24
9
15
9
6
7
4
3
5
-4
-6
-13
-2
5
-16
3
2
-2
-2
0
4
3
20
17
7
7
14
16
18
9
11
8
20
9
13
25
14
4
10
5
5
8
-12
-6
-9
-11
0
-14
3
12
13
1
-1
11
5
12
0
6
-2
6
-3
-9
-3
-6
5
4
1
-11
-12
-7
-2
9
8
3
0
-1
1
2
2
13
15
12
21
17
9
6
-4
-10
-6
-1
-8
12
9
-14
-16
-12
-19
-14
-11
-23
-12
-12
-2
-5
-6
-13
-7
-7
-16
-9
-8
-4
-5
1
1
0
11
6
3
11
3
-9
-5
2
6
6
6
15
2
-3
-2
-6
-11
-4
2
1
2
8
0
-6
3
-1
1
3
0
-2
-2
3
1
5
0
4
5
-15
-14
-17
-16
-15
-10
-10
-21
-19
-14
-11
-10
-20
-16
-14
-11
-11
-11
2
0
9
13
10
9
12
13
15
15
5
6
15
18
24
29
24
26
15
10
8
6
3
-1
-7
-3
7
0
1
1
14
10
6
11
11
3
15
12
1
3
-1
3
-4
7
-1
-5
6
14
8
16
19
12
9
12
11
1
10
8
10
12
-3
-7
-7
-2
-4
0
-6
-13
-15
-14
2
1
3
-3
-13
-21
-26
-23
-22
-19
-11
-9
-13
-15
-19
-20
-8
-4
-19
-14
-10
-20
-12
-14
-11
-6
-5
-9
-12
-8
0
10
-2
-11
-15
-18
-11
-15
-5
-7
1
5
8
7
-4
-3
-1
-2
-7
-2
-6
-14
5
-1
-2
5
-1
-4
3
5
3
-2
-3
-3
-3
-5
-2
10
-1
6
-9
-4
2
1
6
13
12
10
20
14
21
19
16
12
5
4
11
8
15
18
12
15
7
11
13
8
6
9
15
7
9
7
9
2
10
-4
-4
0
-5
0
-6
5
-1
4
2
0
7
0
2
-7
-7
-6
-6
-7
5
1
5
13
5
3
1
4
-5
6
-3
-3
-12
-16
-18
-13
-2
-8
2
-1
8
1
1
4
-8
-2
3
0
1
-2
-4
3
-10
-2
0
7
5
6
18
17
16
14
17
8
13
3
9
15
6
2
-1
0
-2
-5
-4
-5
8
6
-9
-7
-5
-19
-16
-12
-13
-7
-13
-16
-20
-13
-5
-8
-17
-12
-17
-22
-15
-16
-32
-30
-22
-24
-20
-26
-14
-3
9
5
6
1
6
12
3
6
1
7
9
0
5
13
10
17
16
9
2
13
13
22
12
11
9
-2
13
7
15
18
11
7
3
-2
5
2
11
-1
6
10
1
-1
-3
-5
-12
-13
-5
-5
-7
16
11
11
9
0
1
-4
-1
1
0
7
4
5
2
1
9
2
-1
-4
1
1
-1
0
-2
-1
-3
-19
-18
-12
-14
-10
-5
-11
-12
-12
-20
-13
-12
-11
-14
-17
-5
3
7
3
1
-3
-5
0
-3
0
6
5
10
16
7
12
18
14
22
6
5
6
0
4
-3
-1
12
9
19
13
17
9
1
10
0
0
-4
-1
-6
0
7
6
13
-2
2
0
-9
-5
-15
-24
-10
-13
-12
-6
-6
-7
-3
-1
4
6
1
4
2
0
-9
-3
-7
-4
-8
-4
-5
-3
0
1
2
-10
-8
-16
-8
-9
-7
5
-3
4
5
4
5
3
-1
9
0
-12
-5
-8
-3
-12
-19
-3
-7
1
13
-4
5
3
5
0
-2
1
3
8
0
8
14
7
15
17
10
3
7
6
-1
0
-6
-12
3
4
1
10
12
3
2
4
-8
-7
-4
5
0
-6
-2
3
11
11
8
3
4
-7
-9
-6
-8
-7
-14
-7
-6
-5
-9
-8
3
8
14
7
7
-6
-4
0
-21
0
4
15
17
12
12
-11
4
0
-16
-6
-12
-23
-17
-1
0
5
12
10
11
4
9
2
0
2
-1
6
16
4
5
14
5
17
15
12
12
4
15
8
14
4
-1
-9
-11
-18
-17
-10
-7
3
0
-1
-2
-4
-13
-11
-13
-12
-9
-8
-13
-12
-8
-18
-15
-17
-11
-8
-5
-1
-3
-4
-2
-3
-5
-4
-4
2
-5
-3
6
4
2
-7
-5
6
14
5
2
0
-8
-11
-10
-3
-5
1
0
12
7
6
7
2
12
12
12
0
-5
11
13
5
12
12
13
5
-2
1
2
-7
-5
-4
-10
0
2
1
11
14
12
9
9
11
9
9
0
4
12
3
7
12
7
9
15
17
18
23
15
8
6
-1
-8
0
6
5
5
-8
-8
-1
4
-1
-1
-13
-14
-18
-21
-16
-18
-20
-8
3
-5
0
1
2
-5
-6
6
8
8
0
17
8
-6
4
2
4
0
4
-2
-7
-6
-5
-6
-20
-24
-17
-15
-12
-4
0
-3
-4
0
-1
2
-2
-10
-15
-22
-14
0
4
10
8
-3
-11
-13
-13
-12
-9
3
5
5
4
-4
-7
-6
-8
-6
-5
0
-4
-7
-8
-13
-12
-7
-8
-3
3
5
-3
-5
-5
-11
-3
-4
2
9
13
18
13
13
5
5
19
17
12
7
7
2
8
1
4
2
13
8
-11
1
-1
8
3
-9
-7
-19
-17
0
4
4
6
6
9
5
8
11
10
17
12
7
8
7
2
10
23
18
15
12
11
17
10
11
13
13
11
13
11
9
4
4
11
3
0
10
8
2
-4
-7
-2
-11
-16
-10
-17
-15
-8
2
-6
-12
-7
-10
-5
-13
-12
-16
-13
-9
-13
-10
-17
-10
-19
-20
-11
1
0
-2
-1
-8
-18
-5
-10
-4
-3
-4
-3
-10
-11
-17
-2
-9
-12
-15
-7
-3
-15
-11
-8
-3
-5
-9
-2
-1
-4
-3
-1
-3
4
14
20
23
18
10
-2
-2
-4
4
7
18
12
15
16
7
10
5
12
-5
0
-5
-6
-8
-2
0
-3
0
0
3
-4
9
1
4
2
1
0
1
3
7
1
-4
-3
10
9
0
12
15
5
0
-5
-2
7
3
13
18
7
5
0
0
-8
-6
2
3
9
2
13
5
0
9
1
8
10
3
5
5
0
1
-6
1
-11
-7
5
-7
13
5
-4
-1
8
2
-2
8
11
17
13
14
14
25
18
16
13
2
7
-7
-5
-3
-3
-6
-10
-5
-6
-5
-14
-15
-20
-15
-22
-28
-24
-23
-17
-19
-9
-3
3
2
-4
-1
-8
-11
-5
-9
-4
-3
-3
-3
-6
-2
11
14
1
-8
-4
-6
-11
-1
-3
-1
5
7
8
5
4
6
-5
-2
-3
7
8
1
-6
-7
-8
-13
-14
-12
-5
-15
-13
-13
-2
2
-3
-3
-1
-5
-21
-10
-8
0
6
11
14
12
17
7
11
1
5
4
-1
10
6
2
3
4
13
5
4
9
2
5
0
-4
4
6
-3
4
-2
4
13
12
11
7
-3
-2
4
1
6
8
10
1
5
-2
5
11
8
6
12
7
-9
-1
-4
8
8
7
-1
2
0
3
2
2
-1
-2
1
-17
-11
-8
-17
-19
-14
-16
-17
-1
7
16
14
7
11
-5
-8
-11
-2
-8
-3
3
3
6
0
-11
-19
-14
-18
-22
-24
-16
-9
-10
-12
-7
0
0
7
-2
-3
0
-6
-3
7
3
-1
6
2
11
14
20
23
25
19
9
6
2
6
10
11
7
9
17
11
9
8
2
0
-1
-11
-2
-2
-5
-5
-12
-10
-12
-18
-13
-9
-4
-9
-17
-16
-17
-6
-14
-10
1
4
1
1
1
1
-6
-6
6
5
15
7
-3
6
-2
-8
2
-10
-7
5
1
2
-3
5
-4
8
8
2
-2
-7
2
-7
2
4
-8
-9
-8
-5
-4
8
1
-1
7
5
6
10
10
6
18
25
16
2
11
4
11
19
9
15
15
5
0
3
-1
-3
6
8
14
15
20
11
8
8
8
3
14
28
18
9
12
18
16
8
-1
-9
-13
-11
-11
-17
-31
-28
-14
-12
-12
-2
-9
0
-9
-13
-10
-10
-2
-4
-6
-7
-8
-12
-7
-12
-3
6
-5
-1
4
10
4
-1
-2
-8
-4
-1
-12
2
8
3
2
-3
-6
-19
-17
-27
-25
-24
-19
-23
-15
-15
-18
-8
-4
2
-4
-2
-8
-6
6
-2
3
3
4
-3
0
7
13
9
8
17
3
5
-4
-5
-4
-1
2
0
11
12
5
10
4
-14
-6
-9
-6
-6
-8
-3
4
1
-12
-7
-2
1
2
7
9
3
8
3
9
17
21
18
16
18
21
21
24
22
19
25
14
15
5
7
-1
-6
-5
1
7
3
-6
-18
-17
-24
-27
-27
-26
-25
-25
-20
-17
-15
-9
-18
3
1
-7
8
6
5
6
-1
1
9
17
17
17
19
23
26
23
24
26
22
30
26
27
25
1
8
5
8
2
6
4
5
1
-7
-5
-21
-24
-11
-18
-15
-5
-6
4
-3
-16
-17
-21
-30
-22
-26
-18
-13
-9
-13
-19
-19
-13
-3
-7
-6
-1
-1
5
4
5
-8
-16
-2
-1
2
4
-1
-4
-4
-6
3
6
10
22
21
17
13
4
1
4
3
6
11
13
11
9
16
12
11
6
-2
-4
-4
0
-9
-12
-7
-6
-4
2
4
-1
-3
-12
-4
-3
3
4
6
17
10
3
4
-9
-6
-4
-9
-8
2
1
-8
-2
2
0
-2
-5
-6
-10
-9
-11
-13
-5
-14
-5
3
2
-1
-7
-8
-5
-8
-14
-8
-9
-10
-14
-13
1
-2
-4
2
2
-8
-5
0
2
2
9
9
11
10
1
6
8
-8
6
17
11
15
12
2
-1
-4
-10
-2
4
-1
5
3
1
11
4
3
6
-3
1
-4
-2
-1
-4
3
5
2
1
4
-1
7
-4
-3
8
9
11
7
1
-1
3
-8
-1
8
3
-12
-8
5
-2
-1
-8
0
2
-3
-1
0
-14
-16
-3
-6
-2
-5
-5
-6
11
6
2
6
4
13
4
14
4
2
8
17
21
21
18
21
19
14
8
-4
3
2
0
0
3
-3
1
-9
-16
-16
-18
-11
-9
-6
2
-1
-5
8
-4
-3
-9
-15
-5
-12
-3
-8
-13
-16
-18
-18
-18
-29
-19
-13
-12
-3
-8
-8
-9
-4
-7
-8
1
7
4
3
10
11
6
7
13
14
19
15
18
18
17
8
3
-10
-4
7
9
8
10
11
6
16
9
11
2
5
0
-5
2
3
-2
-2
9
5
3
5
11
-2
-2
0
2
13
9
11
5
2
4
0
-7
-4
-8
-6
-9
-2
-5
-3
-6
-4
-2
-1
0
-4
2
-5
0
-5
2
-2
5
7
6
14
20
15
10
13
11
8
1
9
-6
-1
1
2
-1
-7
-18
-4
-8
-16
-14
-15
-1
-7
-1
3
2
2
4
-7
-9
-7
-10
-22
-27
-12
-23
-20
-9
-13
-12
-5
-10
-8
-19
-16
-7
-13
-18
-17
-17
-20
-18
-11
-3
0
0
5
14
12
6
4
4
6
-2
-4
1
1
-3
-13
-9
-8
-2
-1
5
5
2
7
10
3
1
7
6
13
14
16
9
8
14
13
6
13
20
10
12
8
5
12
10
4
7
-4
6
1
5
-10
-5
3
4
-1
4
5
0
8
-12
0
-9
-11
-2
-9
-10
-7
-4
7
9
-5
-10
-3
4
0
-3
6
0
-16
-20
-33
-78
-241
-325
-289
-339
-390
-433
-423
-241
-82
74
147
158
426
629
690
723
720
736
718
683
575
434
436
426
340
286
326
315
235
195
69
27
-112
-338
-562
-826
-907
-1035
-1214
-1301
-1301
-1211
-1028
-875
-775
-561
-279
-88
105
183
271
333
331
330
206
201
194
145
223
300
365
452
513
553
567
569
445
216
-11
-173
-355
-627
-813
-963
-1040
-956
-875
-785
-590
-301
11
248
453
626
729
836
918
914
913
900
861
848
872
914
955
973
1032
1110
1125
1103
971
835
720
590
384
128
-95
-284
-378
-446
-560
-604
-584
-529
-472
-456
-436
-428
-426
-425
-495
-544
-591
-678
-697
-752
-785
-762
-767
-789
-809
-810
-774
-752
-788
-854
-852
-831
-779
-803
-827
-788
-730
-594
-569
-525
-422
-332
-141
15
146
260
375
526
624
670
608
544
484
445
455
371
293
211
193
268
302
327
342
405
513
574
583
548
535
537
550
552
531
541
558
643
736
800
882
939
1016
1073
1076
1060
1009
933
857
802
716
615
541
466
468
444
390
331
271
255
201
84
-42
-183
-370
-492
-677
-854
-1003
-1155
-1251
-1325
-1406
-1475
-1570
-1634
-1667
-1719
-1752
-1800
-1833
-1839
-1784
-1742
-1686
-1609
-1465
-1294
-1165
-1025
-900
-733
-557
-428
-310
-102
123
378
601
761
953
1156
1362
1477
1506
1531
1564
1523
1448
1319
1135
999
864
755
638
554
539
515
506
489
465
423
390
344
305
253
203
143
99
145
254
349
453
578
722
881
1004
1076
1105
1111
1070
1004
905
780
645
508
431
342
272
252
230
207
218
207
187
152
59
-64
-185
-331
-533
-716
-947
-1129
-1271
-1444
-1582
-1675
-1738
-1723
-1753
-1778
-1755
-1772
-1783
-1821
-1876
-1932
-1998
-2017
-2035
-2046
-1977
-1873
-1729
-1539
-1318
-1063
-758
-459
-110
262
584
957
1245
1481
1742
1913
2033
2102
2103
2116
2122
2085
1996
1910
1787
1695
1600
1443
1296
1128
960
768
562
319
66
-135
-315
-507
-670
-765
-784
-734
-660
-507
-281
-36
217
507
721
893
1067
1152
1202
1200
1144
1074
970
870
801
750
718
683
662
679
703
687
646
535
388
221
3
-225
-511
-780
-995
-1240
-1407
-1573
-1716
-1764
-1770
-1736
-1678
-1642
-1603
-1554
-1574
-1613
-1636
-1746
-1829
-1911
-2030
-2020
-2084
-2039
-1946
-1922
-1654
-1433
-1197
-928
-783
-477
-234
28
280
492
781
1023
1284
1527
1736
1911
2047
2182
2273
2355
2357
2300
2258
2118
1999
1814
1541
1351
1114
915
701
468
271
81
-107
-275
-394
-523
-540
-530
-516
-421
-311
-154
8
195
412
598
774
948
1050
1152
1222
1206
1174
1162
1139
1115
1053
961
921
848
781
712
558
410
232
-20
-262
-550
-849
-1126
-1349
-1549
-1769
-1944
-2058
-2084
-2096
-2076
-2065
-2010
-1910
-1835
-1795
-1804
-1774
-1722
-1723
-1752
-1786
-1797
-1708
-1633
-1550
-1421
-1301
-1120
-908
-721
-587
-488
-325
-169
19
261
462
661
878
1152
1406
1611
1779
1912
2065
2213
2320
2254
2152
2094
1973
1844
1677
1488
1358
1259
1146
986
826
656
488
334
189
38
-118
-215
-265
-281
-255
-233
-183
-89
113
324
457
600
731
864
979
1028
979
950
945
954
912
820
764
711
690
630
520
364
189
-16
-183
-387
-630
-852
-1119
-1302
-1471
-1666
-1786
-1931
-2008
-1971
-2045
-2026
-2038
-1986
-1933
-1932
-1868
-1867
-1787
-1735
-1743
-1731
-1693
-1614
-1536
-1442
-1260
-1075
-882
-751
-649
-511
-368
-222
-130
34
267
490
724
924
1150
1452
1713
1890
2025
2148
2264
2299
2248
2143
2061
1950
1849
1734
1527
1448
1343
1245
1123
991
869
710
578
418
241
72
-101
-236
-309
-341
-313
-289
-188
-89
56
197
309
459
545
674
766
797
839
849
828
816
764
714
667
615
544
403
293
174
24
-187
-349
-572
-797
-1009
-1243
-1438
-1676
-1820
-1965
-2180
-2258
-2288
-2307
-2261
-2258
-2157
-2057
-1904
-1672
-1617
-1540
-1378
-1310
-1189
-1072
-1064
-985
-880
-739
-617
-619
-545
-499
-419
-259
-178
-58
121
325
540
751
965
1168
1293
1429
1561
1621
1672
1678
1580
1557
1570
1526
1514
1468
1498
1568
1584
1590
1560
1510
1518
1423
1253
1067
838
683
533
348
232
107
95
136
154
218
295
363
475
565
626
687
689
687
679
671
609
546
493
431
359
320
235
104
26
-84
-198
-295
-450
-606
-790
-1027
-1148
-1420
-1628
-1739
-2049
-2199
-2288
-2403
-2402
-2378
-2352
-2223
-2172
-1975
-1770
-1681
-1495
-1360
-1250
-1075
-976
-905
-800
-706
-514
-443
-288
-120
-119
-83
-5
79
164
244
284
357
479
615
752
736
737
830
856
989
1028
966
1038
1127
1229
1296
1336
1451
1584
1723
1900
1950
1979
2038
1982
1938
1841
1619
1474
1281
1070
948
730
601
491
320
305
277
182
201
188
206
266
200
175
175
165
132
59
-75
-175
-219
-275
-324
-393
-409
-422
-437
-439
-473
-590
-689
-790
-934
-1166
-1409
-1606
-1819
-1972
-2062
-2241
-2376
-2304
-2279
-2361
-2587
-2582
-2394
-2081
-1797
-1802
-1650
-1174
-566
-175
-225
-216
262
743
1125
1164
957
1205
1537
1619
1425
1183
1228
1339
1319
1281
1046
946
981
734
424
201
-6
-339
-683
-823
-853
-929
-956
-909
-747
-246
308
555
852
1299
1766
2185
2248
2218
2211
2233
2335
2075
1710
1598
1581
1492
1435
1339
1332
1346
1293
1247
1056
875
633
222
-142
-397
-773
-1214
-1519
-1726
-1715
-1643
-1670
-1620
-1436
-972
-565
-510
-385
-196
-5
144
10
-206
-392
-475
-540
-853
-1152
-1252
-1348
-1345
-1422
-1506
-1409
-1374
-1336
-1410
-1478
-1434
-1490
-1651
-1790
-1855
-1848
-1873
-1852
-1789
-1554
-1221
-921
-521
-196
259
636
795
1035
1162
1349
1417
1342
1280
1193
1213
1119
921
789
706
711
693
612
657
749
871
955
1044
1094
1212
1333
1312
1320
1302
1305
1292
1251
1185
1147
1175
1209
1252
1245
1304
1355
1350
1397
1365
1308
1198
986
795
569
391
206
-96
-283
-446
-575
-639
-755
-824
-812
-711
-690
-670
-642
-607
-548
-557
-575
-620
-746
-780
-886
-1044
-1238
-1793
-1916
-1872
-1990
-1738
-1793
-1728
-1158
-1019
-629
-648
-985
-550
-623
-680
-791
-1360
-1464
-1481
-1599
-1696
-1811
-1540
-1101
-812
-420
-46
143
489
627
507
638
462
424
368
52
313
240
256
566
476
804
1295
1388
1521
1734
1817
1911
1800
1481
1377
1111
940
911
506
477
573
430
656
674
769
936
982
1165
1113
1095
1152
1007
884
897
769
591
539
433
458
533
536
590
557
647
787
656
622
596
420
363
281
-1
-243
-393
-530
-668
-838
-934
-950
-992
-986
-981
-1064
-1035
-1082
-1299
-1407
-1493
-1563
-1689
-1884
-1975
-2008
-1863
-1735
-1834
-1824
-1609
-1287
-1152
-1145
-1062
-1114
-839
-762
-938
-903
-916
-657
-589
-639
-444
-432
-231
-69
-38
243
429
720
857
976
1244
1344
1444
1385
1400
1388
1357
1284
1005
959
871
854
816
690
784
874
939
1002
945
935
974
870
782
660
508
412
336
181
254
333
311
459
534
760
974
1103
1212
1244
1358
1445
1398
1272
1110
1048
925
722
464
303
265
195
131
-68
-157
-113
-136
-211
-336
-521
-642
-703
-973
-1193
-1345
-1470
-1612
-1801
-1793
-1790
-1809
-1744
-1781
-1753
-1550
-1426
-1391
-1461
-1325
-1221
-1229
-1245
-1323
-1296
-1350
-1292
-1283
-1370
-1096
-978
-894
-777
-652
-325
-270
-204
-188
-154
86
186
232
272
443
645
720
829
878
966
1114
1161
1127
1017
1069
1080
939
875
870
943
987
997
1002
1032
1106
1118
1065
1004
1012
1016
860
809
764
751
812
806
870
975
1166
1298
1327
1409
1465
1536
1487
1345
1214
1006
883
690
523
370
187
106
2
-55
-53
-121
-217
-282
-383
-486
-660
-887
-1028
-1182
-1267
-1429
-1667
-1678
-1714
-1735
-1730
-1851
-1786
-1666
-1582
-1549
-1607
-1448
-1355
-1314
-1346
-1478
-1338
-1389
-1403
-1451
-1566
-1386
-1298
-1145
-1108
-907
-656
-523
-231
-227
-101
-16
-36
73
-26
157
275
254
458
531
816
952
1038
1169
1162
1366
1350
1253
1166
1114
1082
966
988
894
935
1004
982
1125
1069
1120
1201
1071
1136
1042
948
925
838
800
763
835
821
864
983
1047
1124
1153
1320
1354
1372
1346
1152
1007
864
728
573
301
130
23
-90
-187
-344
-435
-404
-398
-500
-580
-701
-752
-867
-1012
-1096
-1366
-1479
-1526
-1638
-1723
-1811
-1833
-1897
-1794
-1656
-1630
-1581
-1540
-1419
-1249
-1273
-1172
-1287
-1284
-1156
-1241
-1270
-1349
-1176
-1054
-979
-722
-712
-574
-373
-344
-226
-337
-230
-174
-162
61
104
182
283
490
611
705
889
905
980
1094
1147
1116
1090
1121
1123
1178
1246
1244
1337
1396
1550
1582
1521
1602
1504
1488
1404
1271
1087
949
909
768
698
648
654
697
760
846
891
914
1011
1023
966
890
720
591
482
408
248
149
104
75
40
27
4
-72
-78
-111
-212
-375
-531
-663
-789
-935
-1084
-1274
-1462
-1585
-1664
-1757
-1748
-1819
-1889
-1801
-1799
-1595
-1567
-1639
-1523
-1455
-1268
-1159
-1214
-1204
-1188
-1009
-890
-1008
-962
-870
-772
-538
-541
-515
-369
-356
-142
-183
-262
-164
-199
-57
58
6
121
204
341
454
521
702
767
824
882
989
984
974
1046
997
1181
1293
1377
1400
1423
1598
1613
1559
1504
1475
1416
1361
1235
1043
939
883
840
781
706
768
773
802
932
925
962
952
891
811
726
653
499
340
250
192
105
51
20
-51
-61
-43
-139
-187
-228
-301
-373
-593
-720
-852
-990
-1063
-1265
-1474
-1581
-1621
-1699
-1826
-1919
-1903
-1841
-1777
-1771
-1791
-1659
-1479
-1320
-1272
-1309
-1196
-1084
-1021
-994
-1010
-944
-810
-727
-581
-508
-392
-270
-230
-96
-72
-43
-44
-107
7
71
139
164
167
301
415
606
628
637
713
799
984
975
941
988
971
1101
1078
1100
1212
1169
1300
1402
1375
1405
1429
1461
1369
1351
1243
1096
1016
921
935
911
945
972
1006
1142
1226
1239
1207
1203
1189
1073
916
760
556
374
263
89
-145
-253
-320
-417
-443
-524
-568
-591
-673
-735
-881
-975
-1041
-1265
-1366
-1398
-1542
-1600
-1713
-1796
-1754
-1684
-1623
-1670
-1637
-1360
-1286
-1154
-1068
-1136
-932
-900
-804
-837
-974
-742
-818
-854
-755
-810
-627
-578
-395
-350
-381
-123
-191
-149
-169
-247
-231
-335
-146
-144
-116
31
56
226
330
562
575
599
805
815
933
992
908
896
949
1096
1073
1083
1178
1264
1365
1398
1472
1390
1430
1485
1341
1268
1154
1123
1029
1052
1132
968
1054
1118
1081
1110
1118
1126
1008
951
928
769
690
522
374
186
70
-13
-202
-244
-263
-301
-379
-455
-524
-639
-704
-809
-959
-1051
-1204
-1220
-1311
-1313
-1319
-1460
-1353
-1367
-1317
-1299
-1404
-1244
-1292
-1184
-1084
-1184
-1020
-1007
-938
-855
-892
-776
-828
-775
-702
-709
-678
-709
-608
-588
-506
-482
-549
-502
-505
-449
-536
-608
-565
-595
-425
-379
-311
-182
-97
138
262
418
504
562
698
730
836
843
840
918
966
1102
1192
1286
1364
1475
1649
1640
1632
1628
1563
1539
1461
1332
1154
1012
962
925
854
824
871
833
868
940
922
900
887
887
803
674
568
422
280
149
38
-118
-209
-257
-320
-352
-400
-394
-407
-411
-413
-480
-560
-610
-689
-803
-907
-1086
-1189
-1195
-1263
-1265
-1341
-1336
-1277
-1229
-1047
-1005
-952
-845
-870
-727
-773
-743
-743
-963
-797
-914
-1034
-961
-1149
-1018
-990
-982
-882
-1038
-838
-767
-812
-792
-847
-759
-707
-564
-567
-539
-322
-164
16
106
254
447
595
843
959
1037
1210
1301
1428
1454
1559
1680
1651
1691
1708
1698
1695
1669
1534
1392
1339
1233
1051
850
690
679
616
572
524
470
552
648
610
591
617
578
601
556
469
375
308
307
241
166
194
195
187
250
259
233
279
277
203
87
-55
-155
-323
-484
-604
-733
-926
-1039
-1097
-1157
-1204
-1256
-1236
-1252
-1288
-1188
-1211
-1331
-1294
-1387
-1369
-1377
-1489
-1457
-1564
-1464
-1358
-1480
-1260
-1289
-1176
-913
-848
-588
-646
-625
-425
-508
-462
-549
-607
-599
-484
-286
-345
-184
-53
132
405
515
706
738
913
1088
1014
1103
1104
1133
1037
1063
1178
1085
1180
1272
1334
1386
1461
1495
1344
1389
1351
1214
1129
968
892
751
742
776
592
622
704
765
805
857
944
878
925
977
845
762
655
553
411
333
254
114
76
67
75
9
20
25
-52
-25
-114
-272
-466
-643
-747
-853
-980
-1212
-1303
-1298
-1300
-1341
-1490
-1519
-1454
-1400
-1310
-1438
-1479
-1324
-1299
-1241
-1360
-1405
-1353
-1406
-1362
-1405
-1421
-1289
-1242
-1177
-1071
-930
-848
-769
-716
-615
-546
-580
-479
-485
-380
-162
-193
-112
24
222
454
584
760
845
1043
1253
1362
1361
1417
1526
1445
1499
1570
1519
1532
1496
1450
1363
1268
1248
1087
1016
982
873
758
677
666
634
662
684
693
707
791
906
831
852
907
885
933
901
888
809
816
784
672
655
567
547
466
346
319
172
88
-43
-220
-327
-514
-617
-851
-1063
-1138
-1226
-1240
-1399
-1510
-1469
-1422
-1360
-1487
-1527
-1456
-1348
-1235
-1463
-1575
-1455
-1433
-1317
-1465
-1580
-1452
-1410
-1305
-1372
-1428
-1239
-1047
-947
-927
-893
-763
-645
-624
-660
-739
-671
-520
-522
-440
-251
-81
77
257
505
713
850
1027
1074
1111
1267
1368
1288
1239
1271
1266
1325
1384
1317
1275
1344
1448
1351
1231
1236
1203
1088
1019
909
778
721
724
715
637
714
801
781
893
1040
1089
1189
1256
1251
1235
1291
1272
1078
962
935
847
662
516
437
272
175
134
-38
-189
-245
-330
-525
-691
-844
-1076
-1242
-1284
-1372
-1535
-1612
-1662
-1650
-1566
-1571
-1601
-1673
-1585
-1367
-1448
-1476
-1421
-1493
-1296
-1300
-1319
-1304
-1367
-1120
-1151
-1145
-1019
-993
-812
-790
-720
-672
-671
-513
-603
-675
-746
-677
-628
-646
-490
-506
-304
-145
31
261
289
538
717
800
982
1018
1086
1188
1270
1280
1312
1386
1440
1447
1440
1541
1516
1436
1454
1355
1306
1278
1154
1025
885
906
834
752
813
828
877
952
1035
1047
1108
1186
1218
1206
1177
1165
1104
995
923
813
692
619
502
396
312
310
152
43
-68
-208
-323
-540
-732
-928
-1063
-1171
-1250
-1369
-1488
-1653
-1657
-1540
-1617
-1735
-1712
-1741
-1621
-1504
-1540
-1449
-1549
-1330
-1164
-1291
-1188
-1228
-1198
-1007
-1082
-1075
-1107
-1076
-833
-929
-940
-820
-859
-815
-784
-878
-918
-818
-755
-693
-645
-470
-285
-219
88
247
304
560
776
842
970
1152
1273
1294
1357
1529
1553
1612
1753
1742
1686
1833
1830
1732
1667
1603
1506
1346
1279
1176
988
930
960
823
808
881
825
870
923
1006
1035
1003
1040
1014
912
969
868
684
670
607
513
414
334
236
189
124
64
-125
-220
-227
-442
-639
-740
-895
-1093
-1263
-1387
-1454
-1534
-1650
-1752
-1779
-1704
-1602
-1589
-1677
-1622
-1467
-1315
-1322
-1345
-1331
-1266
-1172
-1175
-1268
-1274
-1255
-1160
-1160
-1238
-1040
-986
-943
-872
-892
-731
-727
-705
-708
-824
-660
-655
-663
-598
-477
-247
-154
77
272
380
624
810
931
954
1142
1271
1263
1376
1362
1453
1519
1612
1703
1624
1741
1778
1660
1655
1637
1500
1412
1339
1264
1152
1080
1086
1020
970
1034
1065
1033
1134
1148
1130
1152
1236
1177
1053
1083
1001
843
743
682
516
373
353
262
124
106
21
-145
-258
-336
-476
-672
-792
-904
-1046
-1199
-1313
-1395
-1473
-1561
-1655
-1722
-1736
-1664
-1676
-1718
-1714
-1581
-1501
-1526
-1563
-1539
-1440
-1394
-1353
-1419
-1461
-1307
-1293
-1260
-1363
-1332
-1083
-1084
-981
-1043
-1046
-871
-834
-848
-971
-926
-713
-694
-604
-478
-314
-107
128
344
392
668
891
1036
1150
1273
1404
1444
1542
1627
1631
1765
1889
1818
1775
1893
1971
1819
1753
1665
1576
1494
1398
1225
978
999
1030
861
818
841
905
964
1064
1087
1032
1142
1217
1091
971
973
903
753
704
661
572
495
455
386
268
286
228
48
-112
-183
-333
-562
-686
-925
-1141
-1207
-1377
-1531
-1627
-1709
-1617
-1791
-1829
-1690
-1717
-1673
-1616
-1657
-1599
-1586
-1547
-1560
-1678
-1583
-1536
-1627
-1582
-1516
-1548
-1453
-1439
-1266
-1190
-1046
-854
-972
-925
-728
-741
-847
-898
-832
-714
-600
-478
-399
-265
28
357
441
586
920
1087
1262
1420
1471
1527
1618
1737
1661
1577
1717
1764
1693
1703
1839
1777
1713
1726
1655
1594
1584
1518
1307
1195
1237
1125
997
969
924
950
1019
1077
1054
1034
1163
1203
1103
1059
1088
979
888
831
663
487
390
320
139
1
-65
-232
-413
-472
-569
-793
-955
-1029
-1180
-1327
-1394
-1439
-1613
-1720
-1610
-1775
-1870
-1805
-1831
-1826
-1808
-1681
-1700
-1704
-1487
-1453
-1446
-1375
-1364
-1339
-1380
-1266
-1234
-1364
-1295
-1168
-1154
-1126
-979
-958
-954
-818
-733
-708
-772
-667
-551
-598
-393
-296
-312
-89
81
278
422
644
832
875
1136
1298
1332
1425
1556
1563
1560
1694
1722
1654
1639
1735
1737
1657
1742
1692
1574
1653
1626
1489
1402
1398
1314
1187
1202
1199
1122
1109
1188
1182
1135
1233
1192
1128
1135
1148
1038
881
819
701
576
473
373
195
90
49
-100
-304
-387
-538
-681
-794
-971
-1135
-1282
-1369
-1524
-1640
-1715
-1765
-1803
-1791
-1787
-1765
-1769
-1722
-1753
-1731
-1640
-1615
-1642
-1687
-1581
-1508
-1478
-1478
-1515
-1469
-1323
-1262
-1272
-1277
-1192
-1042
-968
-919
-893
-890
-726
-683
-752
-742
-703
-563
-425
-309
-160
-52
266
523
606
847
1024
1196
1300
1441
1521
1500
1587
1600
1600
1573
1690
1706
1638
1719
1791
1843
1887
1871
1790
1756
1706
1597
1401
1262
1202
1157
1067
1065
1068
1045
1121
1141
1190
1213
1248
1231
1126
1116
1027
858
642
491
327
196
70
-111
-260
-344
-385
-472
-632
-748
-810
-957
-1001
-1129
-1314
-1450
-1553
-1609
-1716
-1799
-1764
-1778
-1831
-1651
-1655
-1642
-1538
-1610
-1473
-1523
-1457
-1384
-1608
-1501
-1418
-1518
-1442
-1509
-1484
-1426
-1327
-1183
-1225
-1091
-850
-762
-759
-610
-573
-617
-533
-538
-487
-461
-364
-140
-213
76
385
383
647
846
1025
1215
1346
1475
1450
1499
1646
1655
1533
1607
1735
1665
1815
1841
1759
1867
1934
1996
1854
1752
1813
1599
1537
1478
1255
1157
1152
1114
965
935
1009
1044
989
1048
1074
919
935
890
680
574
467
332
153
27
-15
-177
-264
-272
-407
-508
-544
-605
-807
-867
-934
-1099
-1239
-1388
-1435
-1564
-1647
-1641
-1717
-1762
-1769
-1758
-1762
-1795
-1644
-1670
-1741
-1583
-1681
-1591
-1634
-1680
-1558
-1664
-1538
-1469
-1533
-1391
-1284
-1205
-1085
-995
-870
-765
-691
-534
-485
-562
-434
-426
-444
-307
-230
-91
-33
149
421
498
770
968
1029
1193
1382
1470
1399
1516
1576
1564
1542
1548
1677
1600
1729
1843
1708
1868
1929
1888
1873
1839
1804
1649
1591
1506
1346
1255
1246
1179
1055
1086
1088
1065
1081
1068
1079
1015
976
982
782
658
562
390
229
94
-39
-223
-271
-357
-488
-590
-633
-655
-787
-876
-942
-1086
-1190
-1305
-1395
-1539
-1634
-1652
-1776
-1842
-1822
-1874
-1877
-1911
-1861
-1802
-1661
-1649
-1701
-1685
-1656
-1527
-1539
-1594
-1501
-1419
-1307
-1179
-1205
-1185
-1066
-898
-761
-662
-655
-515
-378
-332
-264
-377
-394
-247
-150
-94
-44
64
215
362
521
659
763
936
1075
1159
1272
1357
1427
1488
1476
1564
1605
1650
1709
1703
1807
1932
1985
1933
1926
1896
1866
1849
1658
1544
1458
1383
1362
1194
1079
1082
1031
1035
1011
923
866
850
820
693
599
509
399
275
160
91
-11
-131
-271
-333
-386
-487
-595
-709
-802
-857
-968
-1107
-1195
-1349
-1387
-1407
-1509
-1548
-1650
-1606
-1567
-1655
-1569
-1603
-1707
-1670
-1724
-1699
-1681
-1713
-1720
-1764
-1689
-1510
-1485
-1518
-1394
-1318
-1188
-1062
-1091
-1032
-868
-760
-642
-674
-671
-413
-346
-254
-192
-232
37
205
337
422
533
795
973
1096
1175
1239
1334
1401
1448
1373
1404
1412
1348
1349
1283
1443
1457
1453
1586
1548
1661
1732
1654
1585
1534
1492
1455
1334
1182
1174
1110
1105
1137
1005
1078
1218
1196
1255
1208
1160
1123
957
885
699
494
381
210
-2
-119
-254
-381
-465
-580
-643
-704
-799
-918
-1024
-1114
-1148
-1323
-1460
-1513
-1609
-1620
-1699
-1717
-1704
-1715
-1681
-1663
-1719
-1680
-1648
-1669
-1563
-1612
-1564
-1492
-1552
-1401
-1419
-1415
-1221
-1343
-1255
-1170
-1245
-1051
-1082
-919
-722
-712
-563
-510
-375
-214
-179
-129
-127
-3
155
264
333
428
642
768
999
1069
1092
1312
1341
1490
1525
1469
1566
1496
1538
1562
1540
1595
1606
1595
1629
1714
1687
1698
1657
1607
1637
1493
1407
1314
1170
1175
1136
1025
991
959
959
984
988
953
910
864
828
701
520
450
286
111
52
-140
-238
-328
-459
-542
-613
-649
-700
-831
-908
-974
-1071
-1186
-1300
-1429
-1496
-1490
-1588
-1627
-1660
-1650
-1578
-1590
-1644
-1641
-1679
-1567
-1539
-1625
-1597
-1570
-1552
-1504
-1432
-1388
-1328
-1294
-1159
-1113
-1064
-912
-884
-804
-647
-506
-375
-291
-174
-29
24
75
61
8
35
171
226
241
344
448
631
765
927
1021
1045
1188
1255
1285
1300
1313
1265
1244
1308
1306
1385
1445
1500
1606
1669
1789
1829
1782
1776
1748
1656
1576
1439
1307
1202
1105
1007
876
784
744
721
676
705
639
592
575
460
391
291
98
-50
-169
-284
-422
-528
-620
-689
-692
-716
-735
-798
-855
-843
-946
-1028
-1065
-1167
-1221
-1230
-1354
-1415
-1448
-1521
-1412
-1508
-1507
-1421
-1539
-1443
-1388
-1504
-1477
-1458
-1420
-1353
-1318
-1303
-1214
-1095
-994
-931
-1021
-898
-758
-761
-572
-548
-411
-214
-164
44
45
177
386
342
411
382
453
577
608
643
689
878
953
1038
1048
1075
1193
1080
1100
1036
899
959
903
804
795
844
958
954
1006
1094
1245
1344
1363
1401
1296
1398
1355
1186
1132
996
1010
975
940
934
889
954
1002
911
867
857
790
693
558
374
241
103
-108
-259
-428
-512
-587
-753
-740
-743
-806
-787
-872
-940
-920
-987
-1061
-1161
-1210
-1190
-1219
-1217
-1242
-1286
-1251
-1155
-1175
-1232
-1248
-1243
-1234
-1259
-1254
-1314
-1281
-1186
-1139
-1111
-1142
-1001
-992
-970
-877
-887
-855
-772
-628
-590
-483
-303
-234
-59
19
109
210
175
318
237
265
361
307
444
461
573
689
728
896
885
917
1003
997
1006
977
924
868
873
892
879
955
970
1077
1119
1158
1329
1293
1303
1344
1276
1246
1164
1090
1004
968
968
866
817
800
842
815
758
754
645
647
588
436
318
148
82
-34
-194
-247
-378
-505
-484
-505
-566
-611
-647
-678
-675
-748
-792
-862
-922
-858
-926
-992
-939
-963
-982
-966
-1092
-1048
-1029
-1178
-1161
-1243
-1218
-1082
-1197
-1192
-1169
-1136
-945
-960
-952
-891
-862
-731
-720
-739
-762
-624
-462
-439
-383
-323
-57
-12
41
161
70
210
130
34
108
107
238
129
111
302
415
547
551
533
572
698
731
656
667
669
796
755
706
782
763
914
1046
1041
1083
1175
1282
1244
1207
1230
1189
1144
1056
1018
941
892
936
770
773
793
794
761
663
674
647
583
505
357
246
242
115
-45
-146
-181
-225
-309
-412
-411
-450
-468
-401
-490
-553
-550
-570
-602
-689
-747
-822
-955
-919
-896
-977
-940
-957
-1042
-1016
-931
-1011
-1129
-1163
-1037
-996
-1004
-1025
-1157
-1020
-886
-819
-933
-948
-753
-692
-625
-605
-602
-538
-418
-260
-295
-242
-67
-68
-56
-20
41
-15
-63
30
-75
-31
43
59
100
149
397
404
479
573
551
604
653
757
626
604
706
652
680
748
809
845
877
1051
1079
1136
1242
1231
1156
1144
1162
1023
955
968
874
814
829
765
667
712
804
793
736
688
673
627
563
524
370
279
238
128
5
-105
-136
-233
-262
-246
-313
-330
-357
-343
-407
-465
-473
-602
-716
-749
-755
-869
-938
-926
-946
-973
-940
-940
-1026
-1074
-957
-976
-1107
-1035
-1060
-1040
-1026
-992
-990
-1083
-1006
-900
-938
-827
-777
-778
-695
-604
-460
-512
-395
-194
-131
-45
-20
27
20
33
87
-80
-56
28
23
29
51
233
261
327
492
443
486
597
571
414
353
397
285
214
227
255
260
348
532
553
640
900
989
1056
1149
1211
1145
1109
1138
1025
949
992
975
902
903
1016
1018
1016
1124
1111
1061
1062
1023
887
810
725
496
304
180
72
-29
-94
-108
-209
-259
-178
-198
-278
-269
-309
-390
-478
-466
-477
-598
-599
-688
-801
-748
-843
-962
-1019
-1044
-984
-1042
-1110
-1101
-1160
-1124
-1066
-1122
-1125
-1118
-1088
-1021
-1021
-1038
-1062
-1070
-985
-950
-957
-848
-742
-641
-492
-345
-235
-223
-149
-44
19
-5
-65
-110
-96
-49
-77
-85
-12
93
241
325
437
499
518
582
591
549
486
395
349
322
261
234
254
285
343
473
579
707
832
925
1052
1129
1132
1126
1099
1062
1070
1025
951
935
950
1019
1047
1035
1081
1087
1115
1087
1037
989
909
794
745
617
456
359
152
67
-22
-105
-147
-171
-206
-242
-238
-286
-323
-371
-457
-487
-559
-621
-642
-802
-879
-887
-947
-902
-975
-1061
-993
-1017
-993
-1010
-1068
-1020
-1021
-991
-937
-983
-923
-871
-880
-892
-916
-864
-904
-911
-857
-820
-755
-670
-541
-480
-439
-285
-267
-261
-225
-232
-220
-239
-226
-199
-209
-108
-22
15
132
233
307
399
516
551
544
524
494
430
399
391
334
303
328
396
430
505
626
744
892
983
999
964
968
991
951
923
938
930
955
1014
1057
1121
1169
1225
1242
1282
1313
1270
1191
1119
1048
901
754
641
503
367
296
211
121
62
-9
-83
-166
-233
-301
-440
-545
-595
-714
-791
-806
-846
-867
-905
-854
-856
-927
-899
-926
-978
-976
-1009
-1065
-1026
-1009
-989
-995
-1029
-955
-905
-937
-897
-887
-924
-893
-922
-972
-939
-886
-838
-785
-792
-701
-692
-638
-515
-503
-435
-362
-333
-311
-311
-195
-171
-205
-36
63
135
273
359
441
552
649
601
549
569
570
523
429
450
406
421
536
554
552
667
799
804
834
881
948
950
939
965
914
916
999
937
918
1019
1095
1136
1138
1197
1255
1272
1320
1257
1154
1138
1074
937
782
688
533
421
313
192
67
7
-12
-101
-176
-198
-234
-354
-388
-456
-578
-628
-680
-829
-886
-854
-910
-1001
-1057
-1009
-1011
-991
-968
-1009
-992
-907
-872
-965
-1007
-1006
-1018
-1080
-1120
-1112
-1157
-1107
-1099
-1151
-1075
-1031
-908
-844
-770
-620
-611
-544
-505
-477
-454
-469
-453
-538
-516
-414
-357
-304
-201
-10
106
278
410
435
542
635
655
568
505
496
474
444
424
370
370
470
543
589
661
801
870
929
991
1004
1022
991
964
864
842
867
852
847
875
971
1043
1089
1164
1226
1276
1344
1353
1238
1207
1152
1027
883
741
647
508
443
353
239
199
199
124
45
21
-27
-129
-214
-276
-397
-564
-640
-768
-907
-939
-979
-1046
-1145
-1151
-1076
-1053
-1015
-1014
-1084
-1047
-992
-1022
-1085
-1138
-1143
-1186
-1182
-1198
-1222
-1212
-1184
-1054
-1027
-976
-906
-962
-951
-881
-808
-739
-707
-691
-613
-388
-222
-136
-204
-77
202
322
391
378
412
564
627
621
520
510
598
577
541
462
402
373
373
312
187
207
206
165
145
241
375
348
396
468
531
652
709
707
734
849
1019
1062
1097
1158
1247
1345
1429
1439
1386
1438
1469
1393
1321
1249
1116
1017
885
747
614
474
380
290
146
73
19
-159
-231
-259
-335
-403
-514
-576
-650
-666
-644
-682
-696
-746
-776
-801
-822
-794
-845
-956
-997
-956
-929
-988
-1062
-1096
-1080
-1061
-995
-1077
-1162
-1088
-1025
-1007
-1057
-1104
-1083
-1055
-963
-922
-921
-818
-677
-578
-525
-412
-327
-310
-247
-197
-175
-123
-18
6
73
175
239
298
355
417
472
500
529
480
372
406
416
347
338
350
359
405
465
483
486
558
617
625
659
752
771
766
816
844
843
891
948
958
1028
1136
1189
1199
1254
1310
1287
1273
1240
1161
1123
1080
980
819
689
624
541
437
358
269
222
160
87
12
-57
-113
-230
-322
-411
-456
-576
-729
-790
-863
-921
-968
-1041
-1072
-1087
-990
-1003
-1050
-976
-1014
-968
-924
-991
-1029
-1072
-1040
-1054
-1161
-1140
-1123
-1136
-1093
-1024
-999
-924
-783
-760
-713
-641
-549
-507
-542
-478
-433
-431
-391
-391
-352
-303
-217
-139
-91
38
167
263
344
402
448
529
537
503
447
403
433
402
372
388
400
460
560
611
632
711
761
776
812
853
861
832
832
826
830
826
821
834
860
938
1006
1023
1086
1129
1154
1194
1145
1088
1018
953
918
797
712
643
564
495
407
359
289
226
188
149
51
-11
-66
-210
-276
-427
-570
-640
-778
-862
-919
-974
-1016
-1065
-1071
-1070
-1096
-1063
-1016
-1001
-1027
-1002
-1022
-1047
-1048
-1138
-1113
-1137
-1133
-1058
-1096
-1004
-942
-876
-764
-745
-660
-573
-467
-409
-355
-282
-314
-276
-271
-276
-238
-232
-180
-141
-53
11
49
162
234
354
402
431
465
430
425
409
425
402
322
300
294
321
347
351
405
467
554
605
673
743
739
778
776
795
774
734
771
774
788
805
819
892
973
1017
1076
1058
1051
1035
1019
984
882
796
705
631
545
459
376
314
230
167
113
37
-2
-96
-135
-177
-241
-309
-445
-540
-598
-705
-774
-838
-920
-947
-958
-925
-920
-920
-874
-880
-841
-787
-842
-848
-835
-863
-852
-841
-844
-892
-928
-901
-873
-849
-810
-747
-687
-604
-501
-435
-394
-307
-283
-252
-215
-176
-199
-179
-95
-100
-102
-63
-11
52
128
176
227
279
364
396
403
431
404
343
338
326
299
306
304
292
329
386
422
446
496
591
651
681
702
700
712
732
758
726
706
728
722
732
717
733
721
712
775
783
771
766
732
690
662
633
561
466
391
370
299
233
186
135
103
85
47
-36
-65
-85
-172
-249
-324
-424
-504
-579
-642
-690
-738
-737
-838
-883
-860
-871
-862
-894
-877
-850
-834
-836
-813
-847
-807
-709
-741
-753
-717
-710
-627
-565
-568
-535
-515
-405
-327
-315
-226
-183
-164
-153
-99
-75
-86
-34
-54
-23
2
-1
-7
13
91
114
107
121
136
163
194
233
207
185
246
242
245
255
265
256
271
320
335
362
374
410
455
513
596
604
575
608
609
590
602
605
573
591
633
612
629
612
586
594
608
611
547
485
470
417
360
349
299
259
233
238
231
183
161
121
126
110
66
19
-94
-145
-179
-257
-316
-378
-448
-486
-517
-538
-555
-586
-583
-573
-597
-578
-605
-667
-664
-667
-641
-657
-670
-631
-612
-547
-545
-509
-477
-431
-374
-333
-280
-258
-238
-199
-160
-159
-176
-125
-117
-144
-110
-147
-156
-141
-119
-96
-74
-55
-45
-50
-9
-4
-30
-24
-31
-13
-19
-3
-6
26
66
53
71
110
135
158
167
189
216
267
285
285
318
347
378
390
426
423
484
537
515
527
531
532
550
530
490
471
464
464
425
411
398
404
379
352
357
339
330
320
288
261
263
234
148
122
139
131
103
50
40
19
15
0
-61
-122
-117
-102
-162
-196
-239
-266
-264
-266
-300
-319
-351
-368
-392
-395
-397
-463
-464
-453
-444
-417
-422
-394
-395
-384
-315
-321
-361
-332
-296
-320
-347
-358
-358
-347
-295
-308
-311
-266
-247
-211
-254
-229
-179
-201
-169
-140
-148
-120
-91
-102
-83
-57
-41
-4
27
28
8
18
34
32
35
38
61
70
64
114
123
135
176
205
190
197
226
177
175
210
148
164
207
222
237
248
273
274
285
349
394
392
413
439
464
474
495
459
406
432
436
392
397
381
402
413
413
433
391
378
355
304
250
228
165
123
84
70
28
10
20
13
26
8
0
-34
-57
-97
-125
-169
-218
-236
-297
-339
-363
-378
-370
-384
-434
-412
-382
-386
-375
-397
-400
-387
-409
-443
-477
-482
-500
-531
-529
-533
-516
-496
-473
-446
-432
-403
-352
-317
-343
-350
-330
-343
-317
-282
-274
-250
-220
-203
-185
-174
-105
-87
-30
0
43
89
68
109
98
126
146
124
133
150
182
182
182
248
279
300
341
349
400
444
440
448
460
479
469
469
488
490
519
506
490
459
466
497
486
478
407
401
430
434
405
381
404
400
385
357
323
311
263
253
214
175
140
98
44
20
48
6
-10
-33
-45
-37
-60
-109
-152
-166
-161
-205
-243
-263
-248
-244
-277
-283
-315
-279
-254
-312
-364
-335
-346
-360
-410
-472
-505
-531
-547
-599
-632
-655
-643
-668
-666
-634
-571
-578
-574
-541
-494
-450
-450
-454
-430
-367
-323
-331
-322
-280
-204
-155
-157
-133
-56
-6
45
66
68
131
212
237
216
206
227
286
299
298
293
314
388
411
417
448
483
521
530
542
542
539
544
521
492
502
465
450
432
415
433
460
487
481
496
547
567
510
464
422
399
403
348
275
228
244
248
213
171
170
199
190
162
116
82
101
108
23
-42
-132
-185
-215
-240
-254
-289
-314
-307
-301
-324
-374
-428
-456
-427
-437
-516
-550
-589
-576
-569
-622
-668
-670
-623
-587
-580
-577
-562
-537
-507
-490
-487
-520
-503
-500
-500
-471
-461
-457
-450
-414
-356
-283
-264
-224
-165
-109
-28
-53
-62
14
87
119
83
104
167
243
263
246
259
316
400
445
467
504
540
564
548
507
480
484
480
484
506
520
548
565
582
598
604
597
593
581
546
510
469
434
395
401
417
395
391
398
417
450
421
359
297
265
228
171
113
48
5
-26
-74
-109
-142
-162
-152
-180
-191
-212
-244
-248
-269
-342
-425
-479
-506
-528
-564
-608
-631
-631
-615
-625
-611
-592
-588
-562
-563
-555
-583
-558
-543
-569
-586
-585
-578
-545
-509
-480
-455
-453
-397
-368
-323
-298
-271
-244
-207
-157
-116
-92
-79
-36
-22
16
42
43
62
96
145
159
170
203
270
306
329
379
425
482
540
544
532
534
550
550
571
575
574
584
590
604
624
614
610
612
633
628
610
621
589
584
552
485
423
388
387
364
348
343
316
303
279
244
206
196
188
128
122
90
47
-2
-48
-109
-178
-203
-270
-292
-315
-346
-366
-400
-432
-457
-487
-507
-542
-551
-573
-628
-664
-685
-698
-719
-724
-719
-742
-720
-714
-718
-690
-678
-634
-630
-573
-564
-550
-517
-503
-469
-457
-409
-374
-306
-274
-227
-187
-137
-90
-41
5
43
105
119
142
145
165
160
149
177
206
232
260
286
298
322
367
388
421
453
462
512
520
545
555
580
607
603
621
616
602
604
616
598
617
624
608
559
542
535
516
509
494
474
458
453
423
372
342
312
273
214
176
139
99
71
21
-8
-20
-26
-73
-97
-109
-143
-181
-215
-256
-294
-328
-378
-385
-412
-430
-472
-486
-476
-496
-509
-518
-512
-536
-549
-582
-612
-617
-642
-648
-646
-647
-633
-637
-631
-605
-571
-538
-504
-472
-455
-421
-400
-394
-364
-340
-295
-280
-231
-173
-135
-101
-58
-9
21
72
95
132
173
196
222
234
265
277
330
359
388
416
433
471
484
512
520
529
521
508
502
491
487
499
526
499
509
538
514
503
505
496
483
466
452
427
413
401
358
320
317
304
263
230
221
211
182
167
121
99
63
22
-5
-53
-82
-118
-158
-180
-172
-197
-204
-227
-280
-283
-294
-306
-327
-353
-375
-388
-400
-432
-443
-461
-479
-481
-490
-501
-489
-483
-460
-464
-476
-494
-463
-450
-458
-436
-434
-393
-376
-373
-375
-346
-344
-316
-272
-242
-211
-185
-139
-107
-94
-84
-38
-2
27
93
122
133
154
194
235
245
279
314
300
329
343
322
364
397
410
421
419
423
425
429
429
419
407
416
392
402
404
403
393
381
368
343
327
322
312
320
301
283
285
264
270
248
227
179
155
136
106
85
74
55
14
-11
-29
-53
-82
-83
-93
-110
-115
-142
-142
-151
-196
-221
-255
-281
-301
-323
-334
-350
-346
-348
-374
-387
-393
-409
-431
-420
-433
-441
-445
-447
-437
-447
-440
-445
-429
-388
-374
-357
-338
-321
-308
-279
-246
-214
-197
-170
-139
-113
-77
-48
-29
-14
25
41
56
73
101
131
162
195
226
247
256
269
273
282
293
296
288
281
294
300
283
286
292
299
320
325
328
327
329
335
330
324
311
315
310
290
262
243
267
265
257
247
230
218
207
215
188
183
185
138
117
103
60
35
9
-2
-7
-23
-16
-40
-78
-90
-88
-146
-163
-157
-170
-179
-197
-183
-192
-188
-218
-232
-237
-256
-278
-289
-296
-297
-318
-300
-289
-311
-309
-296
-283
-287
-279
-274
-283
-278
-270
-283
-273
-284
-277
-251
-246
-230
-203
-169
-143
-123
-113
-119
-119
-106
-71
-46
-32
5
18
42
69
88
116
122
146
172
180
181
202
248
242
230
224
215
221
248
255
231
239
267
262
289
271
267
277
271
260
251
255
247
253
240
232
226
198
203
192
163
178
165
148
155
148
118
102
92
75
61
56
65
80
78
54
22
-11
-17
-34
-68
-86
-102
-127
-155
-163
-147
-157
-157
-148
-168
-180
-188
-203
-205
-216
-224
-217
-239
-252
-240
-252
-268
-273
-265
-251
-255
-256
-255
-258
-267
-251
-250
-236
-223
-227
-208
-207
-190
-169
-185
-175
-154
-135
-111
-100
-76
-26
-18
-12
33
42
39
45
35
62
64
67
83
93
107
130
147
162
181
196
236
260
244
254
244
234
223
227
232
218
230
218
219
227
242
216
219
241
238
215
217
200
190
203
190
171
161
152
135
106
100
97
67
81
79
84
92
81
70
54
51
38
16
-2
-28
-33
-32
-48
-50
-64
-79
-86
-76
-81
-85
-107
-128
-120
-121
-141
-151
-182
-192
-202
-233
-221
-232
-226
-224
-228
-219
-225
-225
-218
-212
-208
-225
-253
-240
-248
-254
-245
-260
-235
-222
-205
-181
-161
-151
-137
-105
-75
-52
-33
-16
1
16
8
19
37
42
44
47
55
18
30
53
69
82
86
118
116
113
111
105
99
93
96
96
97
110
106
108
126
137
144
168
193
201
223
220
216
217
224
212
201
210
188
173
153
168
167
161
170
176
172
160
162
173
165
137
114
96
77
56
59
32
12
27
-12
-15
-22
-49
-51
-50
-45
-53
-62
-59
-45
-73
-83
-96
-113
-121
-137
-136
-130
-114
-131
-127
-123
-137
-147
-130
-131
-142
-143
-165
-158
-187
-203
-200
-218
-216
-202
-213
-211
-205
-207
-203
-186
-167
-167
-149
-139
-117
-107
-81
-86
-71
-66
-57
-41
-25
-8
-37
-20
-23
-16
3
19
25
27
30
36
36
38
43
42
71
56
34
27
27
42
46
72
88
96
139
159
179
194
196
201
191
202
192
200
209
222
227
222
214
207
205
197
214
212
193
188
180
184
163
163
141
125
131
132
125
116
103
97
76
66
74
63
68
42
23
5
-3
-9
-42
-63
-68
-87
-109
-131
-155
-155
-164
-183
-192
-185
-192
-205
-223
-243
-222
-219
-233
-231
-242
-249
-254
-254
-250
-259
-256
-257
-262
-268
-250
-219
-228
-198
-175
-178
-145
-147
-152
-147
-132
-128
-128
-103
-91
-55
-35
-8
3
3
33
45
83
94
84
91
95
87
96
111
114
134
166
197
217
227
234
241
229
220
236
238
212
228
218
217
220
220
197
207
223
211
201
197
214
210
212
212
193
185
164
148
135
123
130
117
115
93
73
58
71
58
55
56
29
21
1
-9
-31
-56
-75
-84
-99
-97
-106
-117
-121
-155
-147
-152
-153
-151
-154
-170
-191
-197
-212
-234
-240
-256
-264
-290
-294
-272
-282
-285
-269
-269
-264
-257
-266
-249
-246
-217
-211
-198
-174
-160
-148
-149
-146
-125
-99
-93
-62
-64
-44
-25
-13
4
13
27
38
38
49
66
60
81
75
78
83
107
123
152
159
183
209
205
230
226
233
246
229
239
256
269
264
269
281
270
284
291
288
281
262
286
283
265
245
237
219
206
196
167
169
145
111
108
110
94
90
60
73
46
21
9
-1
-10
-36
-52
-64
-63
-100
-100
-124
-138
-157
-175
-183
-207
-200
-218
-224
-225
-258
-269
-279
-303
-299
-310
-322
-301
-311
-320
-308
-301
-289
-284
-256
-250
-256
-233
-233
-213
-188
-197
-189
-173
-145
-129
-132
-128
-118
-100
-70
-53
-55
-26
-5
4
22
36
52
64
82
78
93
111
134
145
149
171
177
184
213
224
220
245
234
260
263
245
248
254
247
269
268
259
286
285
278
262
240
232
221
214
199
195
181
164
139
118
123
106
93
92
78
86
84
70
64
45
55
31
20
-2
-16
-57
-59
-82
-114
-98
-127
-125
-122
-121
-138
-152
-168
-172
-183
-167
-194
-206
-207
-238
-231
-240
-235
-249
-237
-250
-239
-237
-245
-211
-207
-188
-197
-219
-210
-222
-222
-207
-219
-205
-173
-182
-190
-184
-132
-121
-110
-68
-67
-44
-32
-16
-21
-12
-8
2
27
46
72
74
100
111
125
133
158
177
195
199
195
213
232
235
232
254
237
247
250
247
248
243
255
265
270
264
223
225
221
218
213
202
197
192
178
161
176
159
147
141
125
122
117
113
103
84
71
57
37
25
14
-12
-35
-45
-45
-49
-67
-64
-83
-90
-97
-125
-140
-153
-164
-182
-181
-197
-222
-238
-244
-252
-262
-256
-261
-249
-261
-269
-284
-270
-269
-278
-255
-261
-247
-234
-227
-222
-209
-211
-206
-190
-192
-174
-166
-141
-122
-95
-81
-67
-54
-30
-21
-24
2
10
35
39
47
81
102
98
101
122
138
124
154
174
151
164
185
184
189
195
196
201
223
231
219
223
218
219
200
205
217
208
209
215
228
229
235
225
219
209
193
198
179
161
146
137
114
109
97
84
80
56
61
38
26
11
2
-3
-6
-32
-56
-47
-69
-90
-107
-110
-122
-141
-146
-149
-141
-164
-174
-181
-198
-212
-196
-202
-212
-220
-212
-214
-241
-236
-252
-234
-217
-212
-207
-203
-199
-195
-195
-185
-175
-177
-162
-143
-140
-142
-125
-123
-84
-78
-79
-69
-63
-37
-24
1
3
8
13
21
32
48
51
54
74
71
88
82
88
100
96
118
147
150
145
164
175
184
180
178
179
180
188
197
220
224
229
230
219
217
209
194
190
189
179
170
167
140
128
108
94
85
85
88
67
66
51
43
27
20
8
-17
-10
-28
-35
-47
-51
-64
-75
-87
-91
-81
-80
-84
-95
-114
-98
-89
-107
-98
-111
-126
-126
-137
-134
-133
-118
-117
-132
-128
-142
-155
-166
-149
-132
-128
-133
-154
-156
-172
-169
-162
-160
-148
-121
-91
-108
-96
-74
-82
-71
-49
-35
-24
-17
-19
13
21
6
20
22
34
59
65
62
77
94
97
94
104
119
120
116
107
114
107
107
107
113
111
105
112
109
112
101
110
106
101
103
121
109
119
113
98
109
89
88
87
81
74
67
61
59
49
46
19
6
3
7
2
-16
-24
-25
-32
-30
-19
-33
-38
-25
-12
-13
-8
-8
-10
-21
-49
-50
-61
-63
-73
-80
-82
-81
-85
-88
-78
-89
-76
-88
-93
-101
-100
-109
-113
-119
-126
-122
-129
-127
-127
-119
-105
-109
-91
-85
-82
-77
-82
-68
-47
-47
-41
-26
-30
-26
-26
-32
-32
-9
1
12
37
42
67
72
70
68
57
48
67
98
94
111
101
101
127
106
120
109
103
108
101
94
79
84
70
60
74
72
76
72
56
66
82
78
71
66
55
61
73
58
57
61
61
53
40
31
28
26
13
36
40
40
16
7
6
10
-3
-35
-40
-45
-41
-48
-29
-31
-38
-40
-39
-39
-51
-62
-60
-70
-72
-83
-87
-92
-92
-90
-100
-85
-101
-94
-92
-86
-88
-92
-100
-102
-90
-88
-91
-65
-65
-67
-64
-55
-66
-68
-52
-55
-52
-49
-47
-51
-43
-33
-28
-31
-2
-6
-9
-5
4
13
13
22
17
10
9
1
-8
-11
2
6
16
22
25
35
39
45
63
70
68
80
76
88
96
98
113
106
107
119
125
115
120
113
102
89
97
90
81
81
85
88
81
88
71
54
59
60
41
57
46
27
34
21
26
17
24
18
28
17
9
25
2
8
4
-7
-21
-21
-14
-23
-37
-58
-67
-52
-43
-46
-70
-85
-78
-81
-81
-72
-81
-86
-85
-80
-102
-107
-120
-116
-114
-114
-89
-100
-88
-85
-81
-75
-84
-93
-111
-85
-74
-84
-83
-88
-56
-52
-52
-46
-56
-43
-31
-30
-18
-21
-21
-18
-10
-1
-15
-8
12
19
10
27
31
35
47
44
48
55
73
70
69
86
87
83
88
82
88
90
96
95
76
84
86
74
84
100
103
113
107
97
92
82
64
78
77
68
56
45
52
51
51
50
59
53
57
50
55
53
53
54
45
44
36
33
26
12
-2
-6
-22
-33
-41
-47
-53
-58
-69
-75
-54
-63
-86
-97
-102
-102
-112
-119
-118
-124
-121
-114
-95
-88
-79
-75
-90
-105
-113
-119
-125
-129
-127
-115
-107
-101
-94
-86
-72
-64
-60
-64
-56
-53
-44
-39
-36
-33
-13
-13
-6
0
15
24
15
29
31
40
50
67
73
92
93
99
109
105
108
103
112
104
102
96
98
86
100
98
102
104
124
136
131
114
127
117
107
130
105
106
110
93
82
66
67
70
65
70
65
66
52
69
59
53
41
22
16
2
-24
-44
-37
-44
-41
-40
-54
-64
-86
-89
-77
-93
-97
-118
-126
-141
-143
-149
-153
-177
-169
-173
-172
-161
-156
-156
-154
-139
-130
-129
-126
-113
-110
-106
-88
-76
-71
-71
-73
-68
-59
-62
-49
-32
-37
-37
-24
-23
-30
-19
-11
-12
1
7
23
32
47
60
46
46
55
61
72
72
84
106
118
122
110
119
110
110
124
122
120
112
92
102
119
124
107
111
105
118
116
113
111
96
97
97
96
89
102
90
88
88
87
87
82
72
63
70
51
45
39
23
14
4
6
-16
-17
-20
-32
-42
-46
-47
-54
-56
-65
-78
-90
-95
-104
-99
-102
-96
-93
-115
-121
-135
-141
-149
-142
-140
-146
-144
-126
-120
-121
-112
-113
-126
-124
-115
-124
-115
-98
-108
-95
-90
-89
-72
-65
-62
-54
-42
-34
-46
-42
-34
-29
-35
-17
-8
-10
11
8
27
30
43
57
68
83
85
87
97
101
100
118
137
132
138
142
144
139
144
154
156
156
165
175
171
148
137
147
127
136
122
102
103
108
92
60
56
61
65
66
49
43
37
19
9
-11
-24
-29
-39
-47
-50
-44
-50
-46
-44
-60
-69
-76
-92
-80
-91
-88
-97
-105
-120
-130
-139
-137
-136
-138
-128
-128
-135
-145
-130
-134
-140
-136
-129
-130
-127
-124
-108
-88
-91
-88
-89
-89
-95
-96
-89
-77
-68
-69
-48
-54
-43
-24
-8
2
-10
2
13
24
32
41
56
55
67
79
96
108
127
129
131
128
140
147
151
168
170
172
168
169
168
164
164
163
179
179
158
151
157
157
147
148
147
125
117
103
84
91
66
61
43
36
39
38
24
14
6
5
-10
-40
-37
-51
-57
-59
-44
-65
-67
-53
-68
-89
-81
-95
-109
-118
-122
-124
-133
-127
-135
-133
-124
-118
-115
-137
-122
-130
-149
-151
-167
-161
-170
-192
-190
-162
-170
-173
-165
-148
-146
-153
-157
-150
-131
-130
-116
-97
-91
-76
-68
-71
-54
-42
-19
13
32
54
67
76
62
77
93
103
111
109
112
109
128
118
124
143
142
141
154
161
170
185
174
179
176
164
151
145
149
163
167
160
147
159
157
159
149
150
152
144
143
121
136
106
92
79
39
35
30
25
30
29
9
25
9
-13
-38
-42
-52
-64
-63
-82
-88
-113
-116
-117
-113
-107
-112
-107
-118
-133
-131
-145
-154
-159
-158
-167
-169
-165
-166
-163
-153
-145
-140
-150
-160
-152
-167
-163
-143
-152
-149
-129
-123
-107
-103
-85
-86
-94
-90
-84
-72
-64
-39
-28
-21
-19
2
12
18
37
48
75
85
84
64
69
98
94
108
109
112
116
122
138
140
145
146
167
159
154
162
164
161
158
170
154
156
168
171
161
170
155
134
136
137
127
125
122
107
85
72
62
44
47
43
37
49
32
10
15
3
-26
-22
-21
-37
-50
-56
-58
-58
-72
-96
-112
-133
-138
-160
-165
-150
-151
-178
-185
-185
-177
-170
-169
-166
-160
-156
-160
-153
-153
-143
-141
-147
-137
-127
-118
-115
-112
-83
-76
-85
-93
-85
-87
-91
-73
-66
-54
-61
-49
-31
-12
10
6
17
31
25
46
59
74
84
80
102
113
114
121
128
137
147
161
169
184
173
165
163
169
172
165
163
171
184
169
153
151
140
134
140
141
124
112
129
121
110
96
93
84
84
80
77
65
50
33
42
27
1
-7
-18
-28
-35
-50
-69
-86
-85
-99
-131
-121
-134
-137
-146
-150
-150
-146
-146
-153
-156
-146
-144
-147
-154
-156
-165
-168
-165
-160
-163
-165
-148
-151
-140
-146
-134
-125
-136
-123
-120
-112
-108
-99
-75
-73
-64
-54
-47
-41
-41
-27
-18
3
15
14
18
36
35
47
66
75
68
69
86
95
101
94
114
115
119
126
122
132
152
151
151
147
162
165
156
150
161
177
163
166
172
177
186
191
179
174
159
152
133
123
109
102
101
108
94
85
82
74
46
24
15
-12
0
0
-35
-35
-41
-61
-70
-74
-83
-96
-100
-99
-116
-117
-111
-123
-134
-150
-138
-149
-147
-168
-156
-163
-190
-186
-195
-182
-177
-174
-173
-162
-155
-152
-144
-154
-151
-133
-120
-115
-118
-111
-112
-88
-81
-77
-58
-38
-39
-56
-25
-13
-29
-7
4
10
17
40
44
54
62
64
55
53
72
66
87
100
104
108
124
131
137
145
159
162
148
149
144
142
145
157
144
150
148
145
145
134
126
135
134
115
110
106
92
99
100
102
104
105
97
80
60
39
50
30
25
13
-14
-23
-25
-32
-41
-49
-44
-58
-74
-71
-80
-96
-96
-99
-113
-114
-117
-110
-116
-118
-119
-141
-142
-152
-151
-151
-140
-142
-133
-136
-145
-130
-135
-131
-120
-96
-90
-92
-105
-95
-92
-94
-91
-90
-78
-62
-68
-61
-55
-44
-38
-46
-39
-42
-21
-10
18
19
25
39
47
48
53
64
70
77
76
82
101
98
94
106
106
102
89
103
116
115
129
129
127
134
132
127
138
151
159
164
153
132
135
139
130
130
120
106
104
112
104
101
96
80
65
41
49
31
28
23
5
-5
-14
-20
-30
-48
-55
-64
-59
-72
-74
-86
-94
-94
-119
-118
-133
-135
-140
-141
-129
-140
-136
-134
-137
-142
-134
-123
-148
-142
-130
-119
-131
-129
-113
-112
-113
-116
-113
-112
-94
-88
-79
-70
-66
-67
-54
-47
-59
-42
-39
-27
-12
-5
8
16
13
9
18
27
37
53
73
89
83
74
92
92
109
105
102
113
113
117
117
125
112
104
117
118
101
123
134
131
126
129
124
111
119
123
103
98
85
74
87
75
82
82
77
68
52
38
31
41
58
46
30
43
37
13
9
-2
-24
-21
-18
-15
-20
-35
-26
-31
-60
-71
-73
-82
-94
-95
-93
-109
-109
-118
-132
-142
-134
-126
-128
-108
-115
-128
-136
-136
-129
-128
-123
-109
-102
-97
-91
-89
-94
-80
-80
-85
-87
-75
-73
-71
-66
-51
-46
-31
-9
-33
-19
-17
-22
-13
5
8
18
35
43
39
42
35
39
36
36
51
39
57
65
74
81
72
79
94
84
99
94
91
93
96
94
96
97
83
86
90
97
83
103
104
115
121
106
97
87
80
77
65
60
67
53
55
58
44
50
38
41
41
23
17
0
-14
-22
-35
-42
-43
-35
-38
-34
-35
-41
-48
-58
-52
-71
-88
-90
-95
-86
-80
-90
-80
-89
-91
-84
-85
-80
-77
-86
-91
-81
-68
-74
-73
-65
-58
-59
-62
-51
-55
-52
-49
-42
-39
-29
-20
-26
-20
-18
-11
-16
-31
-10
-14
-12
8
6
13
21
26
37
28
48
49
48
62
60
58
57
54
56
61
62
69
58
77
62
60
67
68
62
39
22
15
22
35
36
38
44
53
50
50
47
29
31
23
23
4
17
30
26
31
32
24
18
13
20
9
7
0
-2
-3
-10
-5
-14
-4
-11
-23
-18
-17
-10
-27
-37
-34
-54
-70
-65
-58
-41
-45
-54
-44
-48
-55
-78
-77
-78
-84
-93
-92
-85
-84
-76
-61
-51
-55
-44
-57
-47
-49
-40
-24
-32
-22
-17
-14
-18
-8
3
11
8
19
7
25
20
19
21
21
19
22
37
25
36
38
38
42
42
37
34
53
45
57
63
61
80
57
59
79
87
79
72
69
63
38
46
37
44
48
50
60
56
63
46
39
30
46
37
48
43
28
25
22
24
-8
-10
-17
-18
-16
-9
-15
-28
-31
-23
-35
-48
-47
-51
-41
-38
-31
-33
-42
-38
-43
-51
-48
-53
-59
-59
-62
-75
-62
-52
-45
-41
-44
-45
-47
-47
-45
-48
-50
-55
-46
-39
-47
-38
-40
-42
-35
-24
-13
-11
-3
-12
-5
-13
-11
-14
-17
-9
-5
-2
-1
10
0
7
13
5
17
9
3
33
23
38
36
33
42
39
54
48
55
39
41
44
47
51
52
55
59
56
64
58
46
56
47
61
66
59
63
73
84
75
72
66
56
51
48
30
19
15
-11
-13
-10
2
-9
-4
-9
-17
-16
-23
-29
-43
-48
-46
-35
-29
-27
-28
-28
-34
-33
-48
-47
-41
-50
-41
-42
-43
-47
-51
-43
-48
-62
-70
-62
-62
-45
-47
-60
-41
-53
-62
-59
-66
-52
-35
-30
-21
-41
-43
-25
-22
-27
-16
-8
-10
2
12
-8
1
0
-3
18
17
27
32
35
33
37
42
44
38
47
49
42
44
50
58
56
50
34
35
40
48
38
34
47
50
61
53
40
29
20
19
11
21
15
14
24
35
33
40
37
16
9
14
26
14
15
29
14
16
12
2
3
-11
1
12
-11
-16
-16
-19
-25
-33
-34
-38
-32
-52
-46
-58
-64
-61
-66
-61
-61
-76
-75
-81
-70
-84
-76
-59
-78
-67
-60
-56
-49
-52
-47
-59
-61
-49
-47
-37
-16
-21
-25
-12
-14
-2
-8
-13
-7
2
-1
17
14
27
39
37
41
50
60
55
71
58
60
53
51
56
63
60
54
65
54
69
63
57
61
53
52
52
41
46
56
63
69
58
61
60
52
56
40
33
35
35
36
31
26
29
29
22
12
11
19
14
13
14
2
-4
-6
-15
3
-3
-9
-21
-29
-28
-38
-40
-44
-37
-47
-44
-60
-47
-58
-64
-68
-65
-66
-75
-61
-61
-54
-54
-61
-59
-40
-55
-59
-42
-49
-48
-61
-49
-50
-54
-48
-52
-49
-50
-37
-42
-41
-18
-11
-13
-1
-2
-17
-3
12
1
16
32
38
38
51
50
45
53
51
42
41
46
49
53
52
56
59
50
48
44
44
49
39
41
28
35
29
44
37
46
50
37
35
22
27
2
-8
-17
-11
-4
-11
2
8
22
10
1
-1
0
-9
-19
-4
0
2
-10
-6
-20
-24
-18
-17
-20
-31
-28
-17
-30
-42
-23
-34
-20
-39
-40
-28
-23
-27
-24
-21
-31
-34
-34
-32
-41
-31
-23
-9
-21
-23
-10
-14
-18
-20
-21
-20
-27
-24
-16
-10
-5
-20
-16
-4
2
9
10
4
3
10
19
13
12
7
7
8
20
14
22
45
43
47
37
39
36
33
30
43
59
58
55
67
65
49
45
51
47
41
47
30
30
32
30
27
20
20
12
2
11
7
2
3
16
16
20
29
7
-9
-11
-5
-18
-10
-19
-32
-32
-51
-52
-54
-67
-63
-64
-82
-65
-56
-75
-60
-70
-69
-64
-61
-53
-52
-45
-42
-47
-49
-38
-29
-24
-32
-25
-28
-24
-33
-27
-32
-31
-30
-26
-20
-16
-5
-10
-7
-6
9
10
17
27
27
28
23
15
24
19
13
26
11
28
30
29
41
45
47
56
61
62
56
67
82
77
75
72
58
51
57
45
55
52
40
38
40
44
38
44
46
33
31
33
26
29
19
13
18
20
5
18
7
15
14
10
22
3
4
-4
-3
-16
-15
-24
-26
-33
-38
-33
-33
-30
-35
-48
-57
-48
-57
-63
-62
-69
-70
-68
-67
-68
-67
-64
-74
-72
-81
-77
-68
-66
-53
-42
-37
-44
-47
-39
-32
-21
-17
-17
-9
-13
-9
-14
-19
-4
10
10
-1
0
5
8
9
2
13
14
6
10
22
20
34
40
37
39
45
54
45
49
37
37
30
24
23
30
42
40
52
48
56
58
59
53
51
50
45
50
49
44
39
38
37
53
50
45
48
55
35
31
27
23
18
6
6
5
0
-9
-18
-24
-20
-25
-27
-19
-10
-18
-22
-17
-34
-31
-30
-33
-28
-35
-40
-57
-52
-58
-79
-78
-76
-69
-83
-78
-75
-74
-79
-86
-85
-86
-69
-69
-57
-41
-37
-46
-33
-25
-10
-8
-2
5
-1
12
19
24
17
19
18
21
29
30
40
43
49
38
39
50
39
43
44
48
64
58
46
52
55
57
46
38
49
65
62
42
52
47
45
62
52
49
44
34
31
39
37
27
22
30
26
23
16
25
13
26
16
-3
-2
3
15
6
8
-8
-20
-22
-32
-39
-29
-49
-45
-50
-49
-53
-56
-37
-46
-45
-51
-40
-42
-51
-61
-55
-53
-63
-61
-53
-47
-40
-38
-39
-43
-51
-52
-41
-48
-47
-41
-26
-32
-28
-8
-13
-22
-16
-5
-7
-18
-23
-30
-32
-31
-24
-3
-3
5
17
17
30
29
5
11
16
19
32
32
40
35
46
43
31
38
46
34
50
54
44
40
40
47
38
54
52
41
56
56
47
56
46
32
29
45
51
37
39
44
30
32
32
25
47
27
16
10
10
-5
-5
3
-12
-14
-12
-15
-27
-21
-25
-27
-26
-30
-49
-45
-40
-48
-41
-39
-21
-25
-31
-30
-36
-45
-43
-49
-48
-40
-29
-31
-26
-29
-30
-29
-54
-59
-51
-46
-45
-33
-25
-17
-27
-13
-11
-17
-7
-8
-2
4
4
7
13
12
24
16
11
13
16
9
-4
1
2
1
-6
-4
1
6
16
25
26
24
29
17
16
14
6
21
18
26
25
22
27
14
34
31
30
41
45
47
49
47
38
34
15
18
25
9
13
22
19
21
30
31
30
28
23
30
20
18
8
10
9
5
-1
-8
-1
-3
2
-21
-28
-31
-20
-23
-14
-22
-30
-30
-21
-22
-41
-23
-36
-28
-42
-38
-42
-60
-40
-41
-40
-32
-9
-23
-21
-23
-26
-29
-32
-19
-19
-7
-18
-6
2
3
25
19
20
18
14
11
-3
-6
6
4
-4
4
7
17
14
10
9
2
-7
-8
-17
-8
1
-1
-3
1
14
14
13
20
32
18
12
29
34
36
59
49
28
30
37
31
22
32
33
29
33
26
20
20
12
7
11
-1
-6
-5
-15
-28
-18
8
-1
4
2
-14
-17
-27
-46
-45
-54
-53
-42
-49
-48
-32
-25
-25
-28
-19
-11
-35
-27
-19
-29
-32
-28
-28
-23
-21
-31
-23
-25
-26
-29
-36
-18
-6
-7
-6
2
-4
-9
-11
-4
-6
-8
-7
1
11
11
19
18
31
20
29
33
29
37
44
47
48
44
35
39
55
45
57
56
51
58
42
45
38
31
26
33
26
24
21
20
6
13
1
-7
-7
-15
-4
-7
1
4
-10
-16
-12
-14
-4
-9
6
1
-6
-2
-3
4
-2
0
-6
-26
-25
-21
-27
-23
-35
-26
-20
-25
-28
-30
-25
-39
-38
-46
-40
-40
-34
-31
-43
-38
-42
-17
-18
-19
-21
-29
-31
-28
-23
-38
-30
-37
-28
-21
-9
4
3
14
28
29
31
28
28
31
30
25
26
41
31
40
43
46
51
28
26
17
4
11
11
6
4
12
15
27
14
15
7
3
20
17
5
6
8
5
4
-6
-7
-6
-1
6
26
31
21
24
26
23
16
0
13
15
14
14
10
10
5
3
5
0
4
-2
-5
-9
-10
-11
-18
-30
-26
-25
-27
-25
-44
-40
-41
-35
-30
-38
-29
-24
-32
-29
-27
-37
-42
-38
-36
-38
-32
-26
-25
-11
-17
-11
-8
-2
-7
-8
-12
-21
-19
-13
-11
7
0
7
21
11
11
6
13
10
10
7
14
20
11
24
32
33
42
41
38
30
22
36
44
41
39
32
35
44
49
42
48
64
59
51
47
47
50
39
25
23
24
11
18
11
8
19
20
4
-7
-8
-8
-6
-14
-11
-15
-14
-15
-23
-25
-18
-23
-29
-28
-19
-33
-34
-37
-30
-15
-27
-25
-17
-31
-31
-29
-39
-35
-48
-53
-55
-47
-53
-55
-49
-57
-68
-65
-60
-42
-40
-35
-27
-32
-33
-30
-20
-27
-20
-10
-15
-9
-4
-12
-10
0
1
14
12
15
15
14
6
8
21
29
28
18
27
29
34
36
37
42
47
49
48
53
54
49
43
52
49
54
45
47
41
36
30
34
37
25
27
30
33
26
22
15
2
5
6
2
5
-2
2
6
1
-6
0
2
-13
-3
-4
-7
-10
-11
-15
-5
-3
-9
-3
-8
-23
-25
-16
-7
-19
-9
-17
-24
-20
-20
7
-13
-7
1
3
-6
-23
-18
-21
-34
-33
-32
-46
-32
-20
-20
-19
-24
-27
-30
-31
-37
-34
-17
-26
-25
-21
-19
-23
-20
-21
-14
-2
-2
-13
-7
-3
-1
4
-4
-2
-1
19
21
15
18
13
17
19
8
6
14
15
12
36
46
39
48
51
54
59
45
51
53
45
55
38
28
28
23
22
36
23
28
15
11
2
-9
-15
-23
-13
-17
-20
-25
-3
-16
-13
-25
-26
-18
-29
-24
-28
-16
-16
-22
-17
-15
-27
-25
-25
-30
-32
-33
-23
-23
-33
-27
-26
-24
-17
-30
-32
-17
-9
-15
-21
-16
-9
-32
-15
-21
-22
-30
-14
-19
-28
-14
-26
-18
-6
4
-6
-3
4
-5
-1
0
0
22
21
23
22
23
27
31
37
27
36
39
35
38
34
35
46
38
44
31
25
24
24
25
24
22
8
21
28
37
29
39
28
26
29
27
16
5
16
18
22
26
25
38
51
33
21
18
3
-5
7
4
-24
-17
-19
-28
-27
-25
-29
-31
-27
-27
-23
-21
-24
-23
-22
-23
-22
-28
-31
-44
-33
-33
-40
-23
-26
-44
-41
-38
-28
-11
-17
-24
-24
-26
-35
-36
-39
-38
-40
-37
-29
-29
-24
-28
-33
-30
-43
-33
-26
-22
-10
-6
-5
1
-7
0
5
-18
-1
16
8
25
37
25
25
27
24
19
23
20
23
23
21
25
12
17
17
16
20
32
30
32
45
54
66
48
51
51
51
54
52
52
47
52
55
57
52
48
49
27
27
31
19
9
-4
10
7
14
-1
-5
1
-1
-10
-3
-6
-12
-11
-40
-40
-30
-28
-39
-39
-27
-33
-32
-31
-30
-37
-33
-38
-34
-34
-42
-37
-35
-28
-38
-31
-28
-31
-19
-25
-26
-30
-16
-17
-27
-15
-13
-15
-14
-2
1
-1
-3
-8
-17
-4
6
1
-3
-8
-9
-10
-5
11
7
4
7
16
13
5
7
2
2
6
9
3
6
4
8
10
3
18
28
31
14
16
24
22
27
13
19
29
33
30
33
32
32
18
16
31
17
1
1
-6
-2
12
6
2
10
9
7
2
-4
3
-11
-26
-18
-11
-10
-7
-5
-10
-4
-10
-33
-22
-23
-26
-23
-16
-19
-20
-21
-23
-23
-28
-22
-27
-6
-15
-15
-15
-4
-6
-15
-10
-19
-23
-18
-19
-16
-14
-17
-21
-14
-10
-5
-9
-14
-2
5
17
5
10
9
8
-4
5
6
-8
0
3
1
10
13
10
14
25
18
16
25
18
17
24
22
22
28
22
17
18
30
35
38
29
33
44
24
22
25
15
26
17
16
13
8
13
7
5
8
9
13
18
28
20
15
21
4
-5
3
17
13
9
8
7
8
-7
-10
-6
-3
-6
-5
-15
-31
-38
-45
-39
-37
-30
-14
-18
-25
-17
-23
-36
-43
-41
-50
-28
-42
-35
-32
-13
-10
-14
-13
-25
-8
-22
-16
-24
-15
-6
-11
-18
-8
10
0
5
-3
0
-2
9
11
23
27
29
33
29
27
14
16
13
6
-4
-8
-3
5
-11
1
-1
-9
-7
-21
-16
-14
-10
-12
-18
-6
-24
-12
-5
-14
-4
-6
11
21
23
22
5
10
20
11
3
17
22
9
25
27
41
41
31
32
34
27
21
21
13
19
16
20
13
29
23
4
9
18
21
9
2
-8
-2
-10
-7
-7
-5
2
-7
-12
-8
-11
-20
-11
-27
-24
-16
-28
-25
-28
-20
-11
-16
-7
-17
-16
-6
-13
-8
-3
-8
-10
-11
-13
-19
-19
-4
-2
-6
-7
0
-4
5
-7
-5
-1
-3
-6
-6
-5
-3
-10
-13
-11
-13
-2
-2
-1
6
9
12
16
8
-5
-2
-7
3
7
8
16
5
17
2
-4
3
-5
-1
-16
-5
2
-3
11
9
9
0
-6
3
1
8
-8
-13
-12
0
7
1
6
11
18
14
10
6
1
-3
-1
5
-4
6
-3
11
7
-2
-5
4
13
9
8
12
13
8
7
-4
4
-1
2
-3
-4
2
-6
-8
-11
-8
-7
6
-3
8
11
-7
-4
-3
3
3
7
18
11
5
9
11
-3
-2
6
16
12
7
12
-5
1
0
6
13
-4
-4
-5
-2
-5
-14
-11
-5
-6
-3
-6
-23
-13
-15
-13
-6
-12
-17
-22
-21
-15
-10
-28
-17
-19
-12
-2
0
-6
-9
-4
14
9
10
5
4
6
11
17
8
19
10
10
12
8
9
1
7
11
7
8
3
11
8
1
3
12
-6
-1
10
-3
6
8
-3
-2
6
16
6
17
5
-2
-1
-19
-16
-19
-18
-19
-15
-20
-20
-24
-30
-34
-23
-27
-26
-23
-30
-6
-8
-1
2
2
-4
-4
-1
7
-2
-7
8
1
0
3
-4
6
-2
-7
11
15
7
9
7
9
14
24
25
28
33
30
44
36
31
27
18
10
13
20
18
18
16
19
10
2
0
-5
-3
-10
-2
-1
2
2
-2
15
4
10
3
10
7
-10
-11
-7
-1
-11
-8
-2
-7
-14
2
-8
-12
-6
-12
-20
-8
-11
-14
-13
-7
-4
-12
2
2
6
1
11
11
2
8
8
-15
-17
-20
-10
-6
-9
1
0
-10
-19
-6
-2
-5
3
-3
-7
10
-4
-12
-8
-9
4
-8
-15
-5
-2
4
-9
-9
-4
-2
0
1
13
9
4
3
8
5
3
1
0
8
-3
-8
-5
4
-9
-9
1
-6
-2
1
3
-1
-4
-9
-7
-7
-13
-14
-5
-8
-7
-2
-3
-5
-2
-11
-11
-9
-8
-4
10
14
13
18
24
19
12
7
-1
-11
-9
3
5
8
6
10
14
15
17
10
9
6
13
7
9
1
5
8
6
3
9
8
4
-11
-13
-12
-11
1
1
4
-5
1
6
1
-4
-2
-5
-2
-6
7
9
8
12
9
15
15
7
1
13
16
13
9
2
2
-2
1
-4
-1
2
-1
5
8
2
8
19
15
8
27
27
15
19
7
7
3
-8
-10
-5
-18
-21
-33
-22
-22
-27
-16
-20
-16
-12
-5
-18
-12
-11
-25
-15
-27
-27
-10
-25
-28
-28
-25
-17
-12
-8
0
-10
-9
-13
-6
-10
-6
-9
-10
4
3
8
11
4
2
8
0
5
2
2
0
5
-1
2
-6
2
21
5
6
17
13
18
12
12
8
0
2
-3
-6
-5
5
5
-2
-3
5
-3
11
3
-5
-1
3
-2
0
-4
-20
-16
-20
-6
6
6
-2
1
-3
-3
0
-8
-4
3
13
9
7
15
15
19
12
3
6
7
20
25
19
13
15
4
-9
-15
-11
-1
1
3
7
-3
3
10
10
11
9
17
11
21
20
27
17
10
7
12
15
5
10
12
28
12
15
10
24
21
14
18
16
11
1
1
-18
-8
-15
-11
-18
-23
-10
-13
-7
-6
-11
-11
-7
-2
-16
-24
-17
-28
-18
-23
-10
-9
-23
-20
-18
-18
-27
-22
-28
-25
-24
-31
-36
-33
-27
-27
-24
-7
-1
5
8
16
13
17
16
5
11
14
17
34
37
27
37
31
23
25
14
6
13
11
12
2
5
14
1
2
6
-3
-5
-6
-6
-14
-15
-13
-12
-11
-21
-10
-13
-14
-20
-25
-27
-22
-19
-17
-24
-23
-19
-21
-18
-20
-13
-13
5
17
12
17
19
5
0
7
15
2
-1
8
10
10
18
29
19
27
24
23
16
13
11
5
9
2
-2
-7
-8
-5
-6
-3
-3
-4
-1
-8
-9
0
-6
-10
-10
-4
-5
-16
9
7
-2
24
25
19
16
24
17
15
19
12
8
8
21
13
11
11
3
-5
-8
5
-4
4
1
3
14
2
14
13
11
24
12
11
10
14
4
-3
2
-11
-5
-10
-13
-16
-5
-14
-11
-13
-20
-3
-2
-10
-11
-9
-7
-12
2
18
-2
8
-5
-1
10
3
8
5
2
-3
-16
-25
-18
-15
-11
-13
-8
-10
-15
-17
-21
-21
-18
-31
-21
-18
-32
-26
-27
-12
-17
-11
-15
-21
-21
-30
-16
-24
-26
-21
-9
-16
-5
-10
-17
-8
-1
4
2
-2
7
15
16
13
17
13
9
15
11
18
24
19
18
30
19
15
13
24
30
23
31
18
22
22
14
16
15
13
9
21
24
6
3
10
4
4
1
-4
-7
-11
-20
-16
-5
4
6
13
14
12
16
8
7
-4
5
4
11
14
7
-1
-2
4
-5
-7
-2
-1
-21
-10
-8
-11
-13
-15
-16
-17
-6
-5
-8
-7
2
-1
4
1
-1
-2
2
2
-8
-8
-4
-3
4
6
-2
-6
6
1
8
5
7
8
2
2
-8
8
6
9
19
14
11
8
11
17
12
-3
-11
-8
7
-10
-9
-1
-5
1
-7
10
-3
1
-6
-5
-9
-18
-17
-23
-25
-15
-17
-13
-8
-16
-6
-8
-14
-14
-5
-23
-3
-4
5
17
16
9
3
17
11
16
24
8
1
7
1
-3
-4
-6
-7
-12
-9
-6
-4
-5
1
-2
-5
-10
-8
-12
-15
-11
-10
4
2
-5
-9
-17
-12
-2
-8
0
7
4
4
6
13
18
13
14
12
3
23
17
18
13
8
13
2
4
-1
4
16
21
14
5
5
-15
-10
-15
-15
-3
-4
5
2
14
2
0
6
7
-1
7
21
8
14
13
14
20
28
16
21
25
22
23
12
7
3
-6
-19
-11
-14
-19
-22
-21
-11
-14
-25
-21
-28
-35
-35
-27
-26
-23
-2
-14
-6
-2
-15
-24
-16
-12
-3
-6
2
4
10
11
4
5
8
27
23
20
13
10
6
8
12
13
8
9
7
3
9
15
1
1
5
9
-5
-1
8
-7
-6
-2
9
2
0
-1
-2
-7
-7
1
-9
-11
1
2
-3
1
4
7
10
7
8
-2
-7
-7
-3
-8
-6
-1
2
-5
-1
0
-11
-14
-24
-20
-16
-25
-23
-13
-31
-27
-12
-11
-13
-17
-7
4
3
11
5
3
-1
-15
3
-14
2
15
17
13
6
13
6
13
8
11
11
11
7
8
14
10
4
25
5
2
9
-6
1
2
-4
0
12
8
4
22
19
12
2
-11
-18
-14
-1
-10
-5
-7
-2
1
-13
-15
-12
-5
-9
-6
-3
-3
-9
-11
-1
0
1
1
0
1
3
-2
-1
1
-12
4
9
5
19
14
22
22
23
22
24
21
14
20
20
12
2
-2
-3
4
8
-2
10
12
6
6
11
6
-1
3
4
-3
-1
8
11
12
17
14
7
2
-6
-14
-14
-3
3
-1
-7
-7
-10
-10
-15
-22
-28
-33
-42
-43
-38
-22
-15
-29
-20
-16
-18
-7
-21
-13
-17
-12
-12
-13
-10
-22
-10
-16
-6
6
8
0
-9
1
6
-2
-5
-1
-9
-9
7
-1
8
-5
1
17
12
21
19
7
6
9
8
19
21
26
28
31
28
30
24
31
18
19
22
24
28
27
33
21
19
8
0
-4
-14
-12
-15
-4
-5
-12
-13
-5
-3
-17
-12
-2
4
4
3
1
-9
-1
-6
2
6
7
13
11
15
0
0
-4
5
-7
-1
7
0
-3
-9
-10
-19
-15
-14
-16
-18
-16
-6
-11
-9
-5
-6
10
11
10
-2
0
-5
-8
-14
-9
-4
-27
-20
-20
-15
-17
-18
-12
-12
-12
-22
-18
-13
-1
-6
-6
2
-13
-4
-1
-4
-4
-6
-12
-6
1
0
6
1
5
9
5
12
9
9
6
6
15
17
25
24
13
20
26
17
13
13
8
8
8
6
9
2
19
16
2
13
10
18
23
22
23
8
2
5
6
6
5
-12
-10
-13
-19
-10
-4
-1
-12
-4
1
-6
-18
-16
-9
-11
-18
-16
-18
-9
-13
-9
-1
-1
7
5
9
2
-1
2
-15
-20
-17
-24
-21
-15
-12
-10
-16
-2
-1
-1
-3
-10
-11
3
2
0
17
20
26
20
20
16
18
12
3
8
14
3
-4
-5
3
-3
-7
0
-5
6
5
4
2
-1
-7
0
2
0
11
12
11
5
7
-3
-9
1
-6
-1
6
13
9
0
-5
0
-7
-8
-5
-1
-4
-15
-17
-21
-16
-6
-10
-7
-5
-1
-4
1
0
-1
-2
-12
-14
-3
-4
-3
5
1
11
6
7
-3
1
4
9
9
6
16
3
8
1
1
3
2
6
4
-16
-16
-23
-20
-22
-20
-5
-13
-3
8
6
-1
-3
-13
-20
-16
-15
-12
-16
-11
2
10
7
6
3
-6
-8
-10
-12
-13
-8
-11
5
15
4
22
25
26
18
14
17
9
9
13
24
19
30
27
30
21
23
22
2
15
5
3
20
25
27
27
28
14
15
18
17
8
9
6
9
14
12
15
18
7
4
8
-1
-1
9
3
6
8
2
2
-8
-16
-13
-17
-27
-21
-26
-21
-31
-19
-35
-38
-32
-28
-23
-26
-18
-15
-25
-35
-20
-31
-34
-24
-11
-10
-13
-5
-11
-8
-5
-2
-9
-12
7
2
9
9
13
6
-7
-6
-15
-6
-15
0
1
3
17
14
8
3
-1
6
7
12
13
6
-1
-8
-1
-9
3
13
17
22
17
8
3
12
7
4
-7
-16
-14
-6
-7
0
-2
-13
-7
-13
-10
-10
-4
12
14
13
12
3
-7
-3
-5
-3
2
-1
12
7
7
17
13
14
3
4
14
13
5
1
8
4
9
17
8
15
12
-2
5
17
13
21
17
18
7
11
7
2
13
6
10
10
16
7
9
6
5
4
-4
-5
-10
-6
-11
-8
-13
-11
-9
-14
1
-15
-19
-21
-12
-12
-15
-17
-17
0
-7
-11
-11
-17
-10
-6
-11
-8
-8
-1
-11
-16
-16
-18
-22
-21
-17
-12
-2
-4
6
5
4
7
5
5
9
13
20
21
23
23
16
18
15
7
12
-1
-3
-1
8
5
0
-1
-7
-4
-5
3
0
14
14
11
13
13
3
9
12
12
17
10
-2
-6
-5
-4
-4
-5
-7
-12
-22
-19
-21
-20
-27
-33
-22
-22
-22
-25
-25
-16
-9
-16
-22
-22
-10
-19
-11
-2
-7
-10
-19
-15
-14
-17
-10
3
13
14
18
19
7
7
4
15
5
6
10
13
14
11
18
11
11
2
8
4
14
21
8
11
6
0
4
4
-2
-2
2
14
11
-1
-9
-7
-10
-4
7
3
2
5
-1
8
-1
1
11
16
20
23
28
20
28
34
30
26
30
38
35
24
13
20
14
12
21
7
1
2
6
7
3
2
4
5
0
2
0
-4
-14
-18
-20
-14
-19
-16
-10
-8
-13
-20
-12
-19
-24
-21
-28
-34
-35
-22
-12
-32
-15
-8
-12
-18
-18
-19
-31
-12
-17
-14
-9
-6
0
-4
-11
-19
-19
-23
-9
-12
-13
2
4
7
9
7
0
-4
-10
-1
4
11
16
4
9
1
14
6
15
21
22
19
16
1
6
5
9
20
22
25
26
25
10
18
11
2
-6
14
6
-4
6
15
19
8
16
12
9
7
5
-5
-6
-14
-23
-12
-9
-15
-14
0
0
7
-13
-11
-7
-10
-10
-15
-5
-10
-5
5
14
1
0
3
13
-3
-14
-9
-7
-1
3
-2
-3
-5
-17
-7
-16
-17
-15
-16
7
2
-8
1
1
1
-10
-6
-13
0
-3
4
4
-3
4
6
11
-1
-4
-13
0
4
14
11
7
15
-3
1
